#    T8     rate 

3595
0.1 8.4721787E-53
0.11 2.1845504E-51
0.12 3.4787126E-50
0.13 3.8443866E-49
0.14 3.1957804E-48
0.15 2.1161154E-47
0.16 1.1640743E-46
0.17 5.4919235E-46
0.18 2.2775855E-45
0.19 8.4654755E-45
0.2 2.8638477E-44
0.21 8.9277343E-44
0.22 2.5904309E-43
0.23 7.0533498E-43
0.24 1.8144689E-42
0.25 4.4350031E-42
0.26 1.0349362E-41
0.27 2.3152465E-41
0.28 4.9830651E-41
0.29 1.0350716E-40
0.3 2.0807447E-40
0.31 4.0579702E-40
0.32 7.6947608E-40
0.33 1.4214634E-39
0.34 2.5627434E-39
0.35 4.5165341E-39
0.36 7.7924505E-39
0.37 1.3179315E-38
0.38 2.1877265E-38
0.39 3.5683003E-38
0.4 5.7245968E-38
0.41 9.0417993E-38
0.42 1.4072478E-37
0.43 2.1599447E-37
0.44 3.2718671E-37
0.45 4.8947561E-37
0.46 7.2365119E-37
0.47 1.0579178E-36
0.48 1.530184E-36
0.49 2.1909586E-36
0.5 3.106989E-36
0.51 4.3658112E-36
0.52 6.0814188E-36
0.53 8.4013256E-36
0.54 1.1515434E-35
0.55 1.5667485E-35
0.56 2.1170926E-35
0.57 2.8434308E-35
0.58 3.8011082E-35
0.59 5.0717111E-35
0.6 6.7938767E-35
0.61 9.2468509E-35
0.62 1.3075932E-34
0.63 1.9887322E-34
0.64 3.3773353E-34
0.65 6.5105827E-34
0.66 1.3968744E-33
0.67 3.2018447E-33
0.68 7.5490806E-33
0.69 1.7858374E-32
0.7 4.1816293E-32
0.71 9.6277471E-32
0.72 2.1732918E-31
0.73 4.8048776E-31
0.74 1.040342E-30
0.75 2.206741E-30
0.76 4.5882765E-30
0.77 9.3572977E-30
0.78 1.8730354E-29
0.79 3.6823732E-29
0.8 7.115095E-29
0.81 1.3520095E-28
0.82 2.5280698E-28
0.83 4.6543749E-28
0.84 8.4418601E-28
0.85 1.5092112E-27
0.86 2.6608297E-27
0.87 4.6285981E-27
0.88 7.9478168E-27
0.89 1.347733E-26
0.9 2.2578792E-26
0.91 3.7386381E-26
0.92 6.1208188E-26
0.93 9.9117245E-26
0.94 1.5881295E-25
0.95 2.5186425E-25
0.96 3.9548664E-25
0.97 6.1505888E-25
0.98 9.4765564E-25
0.99 1.4469634E-24
1 2.190064E-24
1.01 3.2867202E-24
1.02 4.8919862E-24
1.03 7.2232038E-24
1.04 1.0582742E-23
1.05 1.5388199E-23
1.06 2.2212254E-23
1.07 3.1834869E-23
1.08 4.5311257E-23
1.09 6.4059801E-23
1.1 8.9975077E-23
1.11 1.255723E-22
1.12 1.7417084E-22
1.13 2.4012611E-22
1.14 3.291209E-22
1.15 4.4852948E-22
1.16 6.0787041E-22
1.17 8.1936663E-22
1.18 1.098635E-21
1.19 1.465531E-21
1.2 1.9451795E-21
1.21 2.569225E-21
1.22 3.3773441E-21
1.23 4.4190651E-21
1.24 5.7559486E-21
1.25 7.4641916E-21
1.26 9.6377222E-21
1.27 1.2391866E-20
1.28 1.5867671E-20
1.29 2.0236996E-20
1.3 2.570846E-20
1.31 3.2534404E-20
1.32 4.1018976E-20
1.33 5.1527509E-20
1.34 6.4497362E-20
1.35 8.0450407E-20
1.36 1.0000737E-19
1.37 1.2390426E-19
1.38 1.530111E-19
1.39 1.8835328E-19
1.4 2.3113579E-19
1.41 2.8277064E-19
1.42 3.4490779E-19
1.43 4.1947007E-19
1.44 5.0869229E-19
1.45 6.1516512E-19
1.46 7.418841E-19
1.47 8.9230433E-19
1.48 1.0704012E-18
1.49 1.2807377E-18
1.5 1.5285396E-18
1.51 1.8197773E-18
1.52 2.161257E-18
1.53 2.5607208E-18
1.54 3.0269566E-18
1.55 3.569918E-18
1.56 4.2008559E-18
1.57 4.932462E-18
1.58 5.7790252E-18
1.59 6.7566009E-18
1.6 7.8831958E-18
1.61 9.1789669E-18
1.62 1.0666438E-17
1.63 1.237073E-17
1.64 1.4319817E-17
1.65 1.6544789E-17
1.66 1.9080148E-17
1.67 2.1964113E-17
1.68 2.5238957E-17
1.69 2.8951359E-17
1.7 3.3152784E-17
1.71 3.7899888E-17
1.72 4.3254945E-17
1.73 4.9286304E-17
1.74 5.6068874E-17
1.75 6.3684639E-17
1.76 7.2223193E-17
1.77 8.1782321E-17
1.78 9.24686E-17
1.79 1.0439803E-16
1.8 1.1769673E-16
1.81 1.3250158E-16
1.82 1.4896106E-16
1.83 1.6723592E-16
1.84 1.8750006E-16
1.85 2.0994135E-16
1.86 2.3476253E-16
1.87 2.6218212E-16
1.88 2.9243539E-16
1.89 3.2577537E-16
1.9 3.6247389E-16
1.91 4.0282265E-16
1.92 4.4713435E-16
1.93 4.9574386E-16
1.94 5.4900942E-16
1.95 6.0731391E-16
1.96 6.7106608E-16
1.97 7.4070193E-16
1.98 8.1668608E-16
1.99 8.9951315E-16
2 9.8970923E-16
2.01 1.0878334E-15
2.02 1.1944791E-15
2.03 1.3102761E-15
2.04 1.4358916E-15
2.05 1.5720322E-15
2.06 1.7194455E-15
2.07 1.878922E-15
2.08 2.0512965E-15
2.09 2.2374501E-15
2.1 2.4383122E-15
2.11 2.6548622E-15
2.12 2.8881311E-15
2.13 3.139204E-15
2.14 3.4092218E-15
2.15 3.6993831E-15
2.16 4.0109462E-15
2.17 4.3452313E-15
2.18 4.7036226E-15
2.19 5.0875702E-15
2.2 5.4985923E-15
2.21 5.9382773E-15
2.22 6.4082861E-15
2.23 6.9103541E-15
2.24 7.4462933E-15
2.25 8.0179948E-15
2.26 8.6274308E-15
2.27 9.2766567E-15
2.28 9.9678137E-15
2.29 1.0703131E-14
2.3 1.1484926E-14
2.31 1.2315611E-14
2.32 1.3197692E-14
2.33 1.413377E-14
2.34 1.5126548E-14
2.35 1.6178826E-14
2.36 1.7293511E-14
2.37 1.8473614E-14
2.38 1.9722254E-14
2.39 2.104266E-14
2.4 2.2438171E-14
2.41 2.3912244E-14
2.42 2.546845E-14
2.43 2.7110477E-14
2.44 2.8842135E-14
2.45 3.0667358E-14
2.46 3.25902E-14
2.47 3.4614847E-14
2.48 3.6745607E-14
2.49 3.8986924E-14
2.5 4.134337E-14
2.51 4.3819653E-14
2.52 4.6420615E-14
2.53 4.9151237E-14
2.54 5.2016638E-14
2.55 5.5022078E-14
2.56 5.8172959E-14
2.57 6.1474827E-14
2.58 6.4933373E-14
2.59 6.8554436E-14
2.6 7.2344E-14
2.61 7.6308201E-14
2.62 8.0453326E-14
2.63 8.4785812E-14
2.64 8.931225E-14
2.65 9.4039385E-14
2.66 9.8974116E-14
2.67 1.041235E-13
2.68 1.0949475E-13
2.69 1.1509524E-13
2.7 1.2093249E-13
2.71 1.270142E-13
2.72 1.333482E-13
2.73 1.3994252E-13
2.74 1.4680532E-13
2.75 1.5394493E-13
2.76 1.6136984E-13
2.77 1.690887E-13
2.78 1.7711034E-13
2.79 1.8544373E-13
2.8 1.9409801E-13
2.81 2.0308248E-13
2.82 2.124066E-13
2.83 2.2208001E-13
2.84 2.3211249E-13
2.85 2.4251399E-13
2.86 2.5329462E-13
2.87 2.6446465E-13
2.88 2.760345E-13
2.89 2.8801478E-13
2.9 3.0041622E-13
2.91 3.1324974E-13
2.92 3.2652639E-13
2.93 3.4025739E-13
2.94 3.5445412E-13
2.95 3.6912811E-13
2.96 3.8429103E-13
2.97 3.9995472E-13
2.98 4.1613116E-13
2.99 4.3283249E-13
3 4.5007097E-13
3.01 4.6785904E-13
3.02 4.8620927E-13
3.03 5.0513438E-13
3.04 5.246472E-13
3.05 5.4476075E-13
3.06 5.6548816E-13
3.07 5.8684268E-13
3.08 6.0883774E-13
3.09 6.3148685E-13
3.1 6.5480369E-13
3.11 6.7880205E-13
3.12 7.0349585E-13
3.13 7.2889913E-13
3.14 7.5502606E-13
3.15 7.8189092E-13
3.16 8.0950812E-13
3.17 8.3789216E-13
3.18 8.6705769E-13
3.19 8.9701943E-13
3.2 9.2779223E-13
3.21 9.5939104E-13
3.22 9.918309E-13
3.23 1.025127E-12
3.24 1.0592945E-12
3.25 1.0943489E-12
3.26 1.1303054E-12
3.27 1.1671797E-12
3.28 1.2049874E-12
3.29 1.2437441E-12
3.3 1.2834657E-12
3.31 1.3241678E-12
3.32 1.3658666E-12
3.33 1.4085779E-12
3.34 1.4523179E-12
3.35 1.4971025E-12
3.36 1.5429481E-12
3.37 1.5898709E-12
3.38 1.6378871E-12
3.39 1.6870132E-12
3.4 1.7372654E-12
3.41 1.7886603E-12
3.42 1.8412144E-12
3.43 1.8949441E-12
3.44 1.949866E-12
3.45 2.0059968E-12
3.46 2.063353E-12
3.47 2.1219513E-12
3.48 2.1818084E-12
3.49 2.2429409E-12
3.5 2.3053657E-12
3.51 2.3690994E-12
3.52 2.4341588E-12
3.53 2.5005605E-12
3.54 2.5683214E-12
3.55 2.6374583E-12
3.56 2.7079878E-12
3.57 2.7799267E-12
3.58 2.8532917E-12
3.59 2.9280996E-12
3.6 3.0043671E-12
3.61 3.0821108E-12
3.62 3.1613475E-12
3.63 3.2420937E-12
3.64 3.3243662E-12
3.65 3.4081814E-12
3.66 3.493556E-12
3.67 3.5805064E-12
3.68 3.6690492E-12
3.69 3.7592007E-12
3.7 3.8509773E-12
3.71 3.9443955E-12
3.72 4.0394714E-12
3.73 4.1362213E-12
3.74 4.2346614E-12
3.75 4.3348077E-12
3.76 4.4366764E-12
3.77 4.5402834E-12
3.78 4.6456446E-12
3.79 4.7527759E-12
3.8 4.861693E-12
3.81 4.9724116E-12
3.82 5.0849473E-12
3.83 5.1993156E-12
3.84 5.315532E-12
3.85 5.4336118E-12
3.86 5.5535703E-12
3.87 5.6754226E-12
3.88 5.7991838E-12
3.89 5.9248688E-12
3.9 6.0524926E-12
3.91 6.1820698E-12
3.92 6.3136151E-12
3.93 6.4471431E-12
3.94 6.5826683E-12
3.95 6.7202048E-12
3.96 6.859767E-12
3.97 7.0013688E-12
3.98 7.1450244E-12
3.99 7.2907474E-12
4 7.4385517E-12
4.01 7.5884509E-12
4.02 7.7404583E-12
4.03 7.8945873E-12
4.04 8.0508512E-12
4.05 8.2092629E-12
4.06 8.3698355E-12
4.07 8.5325817E-12
4.08 8.6975141E-12
4.09 8.8646454E-12
4.1 9.0339877E-12
4.11 9.2055534E-12
4.12 9.3793545E-12
4.13 9.555403E-12
4.14 9.7337106E-12
4.15 9.9142889E-12
4.16 1.0097149E-11
4.17 1.0282304E-11
4.18 1.0469762E-11
4.19 1.0659537E-11
4.2 1.0851638E-11
4.21 1.1046076E-11
4.22 1.1242862E-11
4.23 1.1442006E-11
4.24 1.1643518E-11
4.25 1.1847409E-11
4.26 1.2053688E-11
4.27 1.2262365E-11
4.28 1.2473449E-11
4.29 1.268695E-11
4.3 1.2902877E-11
4.31 1.3121238E-11
4.32 1.3342044E-11
4.33 1.3565302E-11
4.34 1.3791021E-11
4.35 1.401921E-11
4.36 1.4249876E-11
4.37 1.4483027E-11
4.38 1.4718672E-11
4.39 1.4956817E-11
4.4 1.5197471E-11
4.41 1.544064E-11
4.42 1.5686332E-11
4.43 1.5934554E-11
4.44 1.6185312E-11
4.45 1.6438612E-11
4.46 1.6694462E-11
4.47 1.6952868E-11
4.48 1.7213834E-11
4.49 1.7477369E-11
4.5 1.7743475E-11
4.51 1.8012161E-11
4.52 1.828343E-11
4.53 1.8557287E-11
4.54 1.8833739E-11
4.55 1.9112788E-11
4.56 1.9394441E-11
4.57 1.9678701E-11
4.58 1.9965573E-11
4.59 2.025506E-11
4.6 2.0547166E-11
4.61 2.0841895E-11
4.62 2.1139251E-11
4.63 2.1439237E-11
4.64 2.1741855E-11
4.65 2.204711E-11
4.66 2.2355002E-11
4.67 2.2665536E-11
4.68 2.2978713E-11
4.69 2.3294536E-11
4.7 2.3613007E-11
4.71 2.3934127E-11
4.72 2.4257898E-11
4.73 2.4584322E-11
4.74 2.49134E-11
4.75 2.5245133E-11
4.76 2.5579522E-11
4.77 2.5916568E-11
4.78 2.6256271E-11
4.79 2.6598632E-11
4.8 2.6943652E-11
4.81 2.7291329E-11
4.82 2.7641665E-11
4.83 2.7994658E-11
4.84 2.8350309E-11
4.85 2.8708616E-11
4.86 2.906958E-11
4.87 2.9433198E-11
4.88 2.9799471E-11
4.89 3.0168396E-11
4.9 3.0539973E-11
4.91 3.0914198E-11
4.92 3.1291072E-11
4.93 3.1670592E-11
4.94 3.2052755E-11
4.95 3.243756E-11
4.96 3.2825004E-11
4.97 3.3215084E-11
4.98 3.3607798E-11
4.99 3.4003142E-11
5 3.4401115E-11
5.01 3.4801711E-11
5.02 3.5204929E-11
5.03 3.5610765E-11
5.04 3.6019214E-11
5.05 3.6430273E-11
5.06 3.6843938E-11
5.07 3.7260204E-11
5.08 3.7679069E-11
5.09 3.8100526E-11
5.1 3.8524572E-11
5.11 3.8951201E-11
5.12 3.9380409E-11
5.13 3.9812191E-11
5.14 4.0246542E-11
5.15 4.0683455E-11
5.16 4.1122927E-11
5.17 4.1564951E-11
5.18 4.2009521E-11
5.19 4.2456632E-11
5.2 4.2906277E-11
5.21 4.3358451E-11
5.22 4.3813146E-11
5.23 4.4270358E-11
5.24 4.4730079E-11
5.25 4.5192302E-11
5.26 4.565702E-11
5.27 4.6124228E-11
5.28 4.6593917E-11
5.29 4.7066081E-11
5.3 4.7540711E-11
5.31 4.8017802E-11
5.32 4.8497345E-11
5.33 4.8979332E-11
5.34 4.9463755E-11
5.35 4.9950608E-11
5.36 5.0439881E-11
5.37 5.0931567E-11
5.38 5.1425658E-11
5.39 5.1922144E-11
5.4 5.2421018E-11
5.41 5.292227E-11
5.42 5.3425893E-11
5.43 5.3931878E-11
5.44 5.4440214E-11
5.45 5.4950895E-11
5.46 5.5463909E-11
5.47 5.5979249E-11
5.48 5.6496904E-11
5.49 5.7016866E-11
5.5 5.7539125E-11
5.51 5.8063671E-11
5.52 5.8590494E-11
5.53 5.9119585E-11
5.54 5.9650934E-11
5.55 6.018453E-11
5.56 6.0720364E-11
5.57 6.1258426E-11
5.58 6.1798705E-11
5.59 6.2341191E-11
5.6 6.2885873E-11
5.61 6.3432741E-11
5.62 6.3981785E-11
5.63 6.4532993E-11
5.64 6.5086355E-11
5.65 6.564186E-11
5.66 6.6199497E-11
5.67 6.6759255E-11
5.68 6.7321123E-11
5.69 6.788509E-11
5.7 6.8451145E-11
5.71 6.9019276E-11
5.72 6.9589471E-11
5.73 7.0161721E-11
5.74 7.0736012E-11
5.75 7.1312334E-11
5.76 7.1890675E-11
5.77 7.2471023E-11
5.78 7.3053366E-11
5.79 7.3637692E-11
5.8 7.4223991E-11
5.81 7.4812249E-11
5.82 7.5402454E-11
5.83 7.5994595E-11
5.84 7.658866E-11
5.85 7.7184636E-11
5.86 7.7782511E-11
5.87 7.8382273E-11
5.88 7.898391E-11
5.89 7.9587409E-11
5.9 8.0192757E-11
5.91 8.0799942E-11
5.92 8.1408953E-11
5.93 8.2019775E-11
5.94 8.2632397E-11
5.95 8.3246805E-11
5.96 8.3862988E-11
5.97 8.4480932E-11
5.98 8.5100625E-11
5.99 8.5722054E-11
6 8.6345206E-11
6.01 8.6970067E-11
6.02 8.7596626E-11
6.03 8.822487E-11
6.04 8.8854784E-11
6.05 8.9486356E-11
6.06 9.0119574E-11
6.07 9.0754424E-11
6.08 9.1390892E-11
6.09 9.2028966E-11
6.1 9.2668633E-11
6.11 9.330988E-11
6.12 9.3952692E-11
6.13 9.4597057E-11
6.14 9.5242962E-11
6.15 9.5890394E-11
6.16 9.6539338E-11
6.17 9.7189783E-11
6.18 9.7841713E-11
6.19 9.8495117E-11
6.2 9.914998E-11
6.21 9.9806289E-11
6.22 1.0046403E-10
6.23 1.0112319E-10
6.24 1.0178376E-10
6.25 1.0244572E-10
6.26 1.0310906E-10
6.27 1.0377376E-10
6.28 1.0443982E-10
6.29 1.0510721E-10
6.3 1.0577593E-10
6.31 1.0644597E-10
6.32 1.0711729E-10
6.33 1.0778991E-10
6.34 1.0846379E-10
6.35 1.0913893E-10
6.36 1.0981532E-10
6.37 1.1049294E-10
6.38 1.1117177E-10
6.39 1.118518E-10
6.4 1.1253303E-10
6.41 1.1321543E-10
6.42 1.13899E-10
6.43 1.1458371E-10
6.44 1.1526956E-10
6.45 1.1595653E-10
6.46 1.1664461E-10
6.47 1.1733378E-10
6.48 1.1802404E-10
6.49 1.1871536E-10
6.5 1.1940774E-10
6.51 1.2010116E-10
6.52 1.207956E-10
6.53 1.2149106E-10
6.54 1.2218752E-10
6.55 1.2288497E-10
6.56 1.2358339E-10
6.57 1.2428277E-10
6.58 1.249831E-10
6.59 1.2568436E-10
6.6 1.2638654E-10
6.61 1.2708963E-10
6.62 1.2779361E-10
6.63 1.2849847E-10
6.64 1.292042E-10
6.65 1.2991078E-10
6.66 1.306182E-10
6.67 1.3132645E-10
6.68 1.3203551E-10
6.69 1.3274538E-10
6.7 1.3345602E-10
6.71 1.3416745E-10
6.72 1.3487963E-10
6.73 1.3559256E-10
6.74 1.3630623E-10
6.75 1.3702062E-10
6.76 1.3773571E-10
6.77 1.384515E-10
6.78 1.3916798E-10
6.79 1.3988512E-10
6.8 1.4060292E-10
6.81 1.4132136E-10
6.82 1.4204043E-10
6.83 1.4276012E-10
6.84 1.4348042E-10
6.85 1.4420131E-10
6.86 1.4492277E-10
6.87 1.4564481E-10
6.88 1.4636739E-10
6.89 1.4709052E-10
6.9 1.4781418E-10
6.91 1.4853835E-10
6.92 1.4926302E-10
6.93 1.4998819E-10
6.94 1.5071383E-10
6.95 1.5143994E-10
6.96 1.521665E-10
6.97 1.528935E-10
6.98 1.5362093E-10
6.99 1.5434878E-10
7 1.5507703E-10
7.01 1.5580567E-10
7.02 1.5653469E-10
7.03 1.5726407E-10
7.04 1.5799381E-10
7.05 1.5872389E-10
7.06 1.5945431E-10
7.07 1.6018504E-10
7.08 1.6091607E-10
7.09 1.616474E-10
7.1 1.6237901E-10
7.11 1.6311089E-10
7.12 1.6384303E-10
7.13 1.6457542E-10
7.14 1.6530804E-10
7.15 1.6604088E-10
7.16 1.6677393E-10
7.17 1.6750719E-10
7.18 1.6824063E-10
7.19 1.6897424E-10
7.2 1.6970802E-10
7.21 1.7044196E-10
7.22 1.7117603E-10
7.23 1.7191023E-10
7.24 1.7264456E-10
7.25 1.7337899E-10
7.26 1.7411351E-10
7.27 1.7484812E-10
7.28 1.755828E-10
7.29 1.7631755E-10
7.3 1.7705235E-10
7.31 1.7778718E-10
7.32 1.7852205E-10
7.33 1.7925693E-10
7.34 1.7999182E-10
7.35 1.807267E-10
7.36 1.8146157E-10
7.37 1.8219641E-10
7.38 1.8293122E-10
7.39 1.8366598E-10
7.4 1.8440068E-10
7.41 1.8513532E-10
7.42 1.8586987E-10
7.43 1.8660433E-10
7.44 1.8733869E-10
7.45 1.8807295E-10
7.46 1.8880708E-10
7.47 1.8954107E-10
7.48 1.9027493E-10
7.49 1.9100863E-10
7.5 1.9174217E-10
7.51 1.9247554E-10
7.52 1.9320873E-10
7.53 1.9394172E-10
7.54 1.9467451E-10
7.55 1.9540708E-10
7.56 1.9613944E-10
7.57 1.9687156E-10
7.58 1.9760343E-10
7.59 1.9833506E-10
7.6 1.9906642E-10
7.61 1.9979751E-10
7.62 2.0052831E-10
7.63 2.0125883E-10
7.64 2.0198904E-10
7.65 2.0271895E-10
7.66 2.0344853E-10
7.67 2.0417779E-10
7.68 2.049067E-10
7.69 2.0563527E-10
7.7 2.0636348E-10
7.71 2.0709132E-10
7.72 2.0781879E-10
7.73 2.0854587E-10
7.74 2.0927256E-10
7.75 2.0999885E-10
7.76 2.1072472E-10
7.77 2.1145017E-10
7.78 2.1217519E-10
7.79 2.1289977E-10
7.8 2.1362391E-10
7.81 2.1434759E-10
7.82 2.150708E-10
7.83 2.1579354E-10
7.84 2.165158E-10
7.85 2.1723756E-10
7.86 2.1795883E-10
7.87 2.1867959E-10
7.88 2.1939983E-10
7.89 2.2011955E-10
7.9 2.2083873E-10
7.91 2.2155738E-10
7.92 2.2227547E-10
7.93 2.2299301E-10
7.94 2.2370998E-10
7.95 2.2442637E-10
7.96 2.2514219E-10
7.97 2.2585741E-10
7.98 2.2657204E-10
7.99 2.2728606E-10
8 2.2799947E-10
8.01 2.2871226E-10
8.02 2.2942442E-10
8.03 2.3013594E-10
8.04 2.3084682E-10
8.05 2.3155705E-10
8.06 2.3226661E-10
8.07 2.3297551E-10
8.08 2.3368374E-10
8.09 2.3439128E-10
8.1 2.3509814E-10
8.11 2.3580429E-10
8.12 2.3650975E-10
8.13 2.3721449E-10
8.14 2.3791852E-10
8.15 2.3862182E-10
8.16 2.3932439E-10
8.17 2.4002622E-10
8.18 2.4072731E-10
8.19 2.4142764E-10
8.2 2.4212721E-10
8.21 2.4282602E-10
8.22 2.4352405E-10
8.23 2.442213E-10
8.24 2.4491777E-10
8.25 2.4561344E-10
8.26 2.4630831E-10
8.27 2.4700238E-10
8.28 2.4769563E-10
8.29 2.4838806E-10
8.3 2.4907967E-10
8.31 2.4977044E-10
8.32 2.5046038E-10
8.33 2.5114947E-10
8.34 2.5183771E-10
8.35 2.525251E-10
8.36 2.5321162E-10
8.37 2.5389727E-10
8.38 2.5458205E-10
8.39 2.5526594E-10
8.4 2.5594895E-10
8.41 2.5663106E-10
8.42 2.5731228E-10
8.43 2.5799259E-10
8.44 2.5867199E-10
8.45 2.5935047E-10
8.46 2.6002804E-10
8.47 2.6070467E-10
8.48 2.6138037E-10
8.49 2.6205514E-10
8.5 2.6272896E-10
8.51 2.6340182E-10
8.52 2.6407374E-10
8.53 2.6474469E-10
8.54 2.6541468E-10
8.55 2.660837E-10
8.56 2.6675174E-10
8.57 2.674188E-10
8.58 2.6808488E-10
8.59 2.6874996E-10
8.6 2.6941404E-10
8.61 2.7007713E-10
8.62 2.7073921E-10
8.63 2.7140027E-10
8.64 2.7206032E-10
8.65 2.7271935E-10
8.66 2.7337735E-10
8.67 2.7403432E-10
8.68 2.7469026E-10
8.69 2.7534516E-10
8.7 2.7599901E-10
8.71 2.7665181E-10
8.72 2.7730356E-10
8.73 2.7795425E-10
8.74 2.7860388E-10
8.75 2.7925244E-10
8.76 2.7989993E-10
8.77 2.8054634E-10
8.78 2.8119167E-10
8.79 2.8183592E-10
8.8 2.8247908E-10
8.81 2.8312115E-10
8.82 2.8376211E-10
8.83 2.8440198E-10
8.84 2.8504074E-10
8.85 2.856784E-10
8.86 2.8631494E-10
8.87 2.8695036E-10
8.88 2.8758466E-10
8.89 2.8821784E-10
8.9 2.8884989E-10
8.91 2.8948081E-10
8.92 2.9011059E-10
8.93 2.9073923E-10
8.94 2.9136672E-10
8.95 2.9199307E-10
8.96 2.9261827E-10
8.97 2.9324231E-10
8.98 2.938652E-10
8.99 2.9448692E-10
9 2.9510748E-10
9.01 2.9572687E-10
9.02 2.9634509E-10
9.03 2.9696214E-10
9.04 2.9757801E-10
9.05 2.9819269E-10
9.06 2.9880619E-10
9.07 2.994185E-10
9.08 3.0002962E-10
9.09 3.0063955E-10
9.1 3.0124828E-10
9.11 3.0185581E-10
9.12 3.0246214E-10
9.13 3.0306726E-10
9.14 3.0367117E-10
9.15 3.0427387E-10
9.16 3.0487535E-10
9.17 3.0547562E-10
9.18 3.0607467E-10
9.19 3.0667249E-10
9.2 3.0726908E-10
9.21 3.0786445E-10
9.22 3.0845859E-10
9.23 3.0905149E-10
9.24 3.0964316E-10
9.25 3.1023358E-10
9.26 3.1082277E-10
9.27 3.1141071E-10
9.28 3.119974E-10
9.29 3.1258285E-10
9.3 3.1316704E-10
9.31 3.1374998E-10
9.32 3.1433167E-10
9.33 3.1491209E-10
9.34 3.1549126E-10
9.35 3.1606916E-10
9.36 3.166458E-10
9.37 3.1722116E-10
9.38 3.1779526E-10
9.39 3.1836809E-10
9.4 3.1893965E-10
9.41 3.1950993E-10
9.42 3.2007893E-10
9.43 3.2064665E-10
9.44 3.2121309E-10
9.45 3.2177825E-10
9.46 3.2234212E-10
9.47 3.2290471E-10
9.48 3.23466E-10
9.49 3.2402601E-10
9.5 3.2458472E-10
9.51 3.2514214E-10
9.52 3.2569826E-10
9.53 3.2625308E-10
9.54 3.2680661E-10
9.55 3.2735883E-10
9.56 3.2790975E-10
9.57 3.2845937E-10
9.58 3.2900768E-10
9.59 3.2955468E-10
9.6 3.3010038E-10
9.61 3.3064477E-10
9.62 3.3118784E-10
9.63 3.317296E-10
9.64 3.3227005E-10
9.65 3.3280918E-10
9.66 3.3334699E-10
9.67 3.3388349E-10
9.68 3.3441866E-10
9.69 3.3495252E-10
9.7 3.3548505E-10
9.71 3.3601626E-10
9.72 3.3654615E-10
9.73 3.3707471E-10
9.74 3.3760195E-10
9.75 3.3812785E-10
9.76 3.3865243E-10
9.77 3.3917568E-10
9.78 3.396976E-10
9.79 3.4021819E-10
9.8 3.4073744E-10
9.81 3.4125536E-10
9.82 3.4177195E-10
9.83 3.422872E-10
9.84 3.4280111E-10
9.85 3.4331369E-10
9.86 3.4382493E-10
9.87 3.4433483E-10
9.88 3.448434E-10
9.89 3.4535062E-10
9.9 3.458565E-10
9.91 3.4636104E-10
9.92 3.4686424E-10
9.93 3.473661E-10
9.94 3.4786661E-10
9.95 3.4836578E-10
9.96 3.4886361E-10
9.97 3.4936009E-10
9.98 3.4985523E-10
9.99 3.5034901E-10
10 3.5084146E-10
10.01 3.5133255E-10
10.02 3.518223E-10
10.03 3.5231071E-10
10.04 3.5279776E-10
10.05 3.5328347E-10
10.06 3.5376782E-10
10.07 3.5425083E-10
10.08 3.5473249E-10
10.09 3.552128E-10
10.093226 3.486753E-10
10.104853 3.4921279E-10
10.116493 3.4974909E-10
10.128147 3.5028421E-10
10.139814 3.5081813E-10
10.151495 3.5135086E-10
10.163189 3.5188238E-10
10.174896 3.5241269E-10
10.186617 3.5294179E-10
10.198352 3.5346967E-10
10.2101 3.5399632E-10
10.221862 3.5452173E-10
10.233637 3.5504591E-10
10.245425 3.5556885E-10
10.257228 3.5609054E-10
10.269044 3.5661098E-10
10.280873 3.5713016E-10
10.292716 3.5764808E-10
10.304573 3.5816472E-10
10.316443 3.5868009E-10
10.328327 3.5919418E-10
10.340225 3.5970699E-10
10.352137 3.6021851E-10
10.364062 3.6072873E-10
10.376001 3.6123765E-10
10.387953 3.6174526E-10
10.39992 3.6225157E-10
10.4119 3.6275655E-10
10.423894 3.6326022E-10
10.435902 3.6376256E-10
10.447924 3.6426357E-10
10.459959 3.6476324E-10
10.472009 3.6526157E-10
10.484072 3.6575856E-10
10.496149 3.6625419E-10
10.50824 3.6674847E-10
10.520345 3.6724138E-10
10.532464 3.6773294E-10
10.544597 3.6822312E-10
10.556744 3.6871192E-10
10.568905 3.6919934E-10
10.58108 3.6968538E-10
10.593269 3.7017003E-10
10.605472 3.7065329E-10
10.617689 3.7113514E-10
10.62992 3.7161559E-10
10.642165 3.7209463E-10
10.654424 3.7257226E-10
10.666698 3.7304847E-10
10.678985 3.7352326E-10
10.691287 3.7399662E-10
10.703603 3.7446855E-10
10.715933 3.7493905E-10
10.728277 3.754081E-10
10.740636 3.7587571E-10
10.753009 3.7634186E-10
10.765396 3.7680657E-10
10.777797 3.7726981E-10
10.790212 3.7773159E-10
10.802642 3.7819191E-10
10.815086 3.7865075E-10
10.827545 3.7910812E-10
10.840018 3.7956401E-10
10.852505 3.8001841E-10
10.865007 3.8047132E-10
10.877523 3.8092275E-10
10.890053 3.8137267E-10
10.902598 3.8182109E-10
10.915157 3.8226801E-10
10.927731 3.8271342E-10
10.940319 3.8315732E-10
10.952922 3.835997E-10
10.965539 3.8404055E-10
10.978171 3.8447989E-10
10.990817 3.8491769E-10
11.003478 3.8535396E-10
11.016154 3.8578869E-10
11.028844 3.8622188E-10
11.041549 3.8665352E-10
11.054268 3.8708362E-10
11.067002 3.8751217E-10
11.079751 3.8793915E-10
11.092514 3.8836458E-10
11.105292 3.8878845E-10
11.118085 3.8921074E-10
11.130893 3.8963147E-10
11.143715 3.9005062E-10
11.156552 3.9046819E-10
11.169404 3.9088418E-10
11.182271 3.9129858E-10
11.195152 3.9171139E-10
11.208048 3.9212262E-10
11.22096 3.9253224E-10
11.233886 3.9294027E-10
11.246827 3.9334669E-10
11.259782 3.9375151E-10
11.272753 3.9415471E-10
11.285739 3.945563E-10
11.298739 3.9495628E-10
11.311755 3.9535464E-10
11.324786 3.9575137E-10
11.337831 3.9614648E-10
11.350892 3.9653995E-10
11.363968 3.969318E-10
11.377059 3.97322E-10
11.390164 3.9771057E-10
11.403285 3.980975E-10
11.416422 3.9848278E-10
11.429573 3.9886641E-10
11.442739 3.992484E-10
11.455921 3.9962872E-10
11.469117 4.0000739E-10
11.482329 4.003844E-10
11.495556 4.0075975E-10
11.508799 4.0113343E-10
11.522056 4.0150544E-10
11.535329 4.0187578E-10
11.548617 4.0224444E-10
11.561921 4.0261143E-10
11.57524 4.0297674E-10
11.588574 4.0334036E-10
11.601923 4.037023E-10
11.615288 4.0406255E-10
11.628669 4.0442111E-10
11.642064 4.0477798E-10
11.655475 4.0513315E-10
11.668902 4.0548662E-10
11.682344 4.058384E-10
11.695802 4.0618846E-10
11.709275 4.0653683E-10
11.722763 4.0688348E-10
11.736267 4.0722842E-10
11.749787 4.0757165E-10
11.763322 4.0791317E-10
11.776873 4.0825296E-10
11.79044 4.0859104E-10
11.804022 4.0892739E-10
11.817619 4.0926202E-10
11.831233 4.0959492E-10
11.844862 4.099261E-10
11.858506 4.1025554E-10
11.872167 4.1058325E-10
11.885843 4.1090922E-10
11.899535 4.1123346E-10
11.913243 4.1155595E-10
11.926966 4.1187671E-10
11.940706 4.1219572E-10
11.954461 4.1251299E-10
11.968232 4.128285E-10
11.982019 4.1314227E-10
11.995822 4.1345429E-10
12.00964 4.1376456E-10
12.023475 4.1407307E-10
12.037325 4.1437983E-10
12.051192 4.1468482E-10
12.065074 4.1498806E-10
12.078973 4.1528954E-10
12.092887 4.1558925E-10
12.106817 4.158872E-10
12.120764 4.1618338E-10
12.134727 4.1647779E-10
12.148705 4.1677044E-10
12.1627 4.1706131E-10
12.176711 4.1735041E-10
12.190738 4.1763774E-10
12.204781 4.1792329E-10
12.21884 4.1820706E-10
12.232916 4.1848906E-10
12.247008 4.1876928E-10
12.261116 4.1904771E-10
12.27524 4.1932437E-10
12.289381 4.1959924E-10
12.303537 4.1987233E-10
12.317711 4.2014363E-10
12.3319 4.2041314E-10
12.346106 4.2068087E-10
12.360328 4.2094681E-10
12.374567 4.2121096E-10
12.388822 4.2147332E-10
12.403093 4.2173388E-10
12.417381 4.2199265E-10
12.431685 4.2224963E-10
12.446006 4.2250482E-10
12.460343 4.227582E-10
12.474697 4.2300979E-10
12.489067 4.2325959E-10
12.503454 4.2350758E-10
12.517857 4.2375378E-10
12.532277 4.2399818E-10
12.546714 4.2424077E-10
12.561167 4.2448157E-10
12.575637 4.2472056E-10
12.590124 4.2495775E-10
12.604627 4.2519314E-10
12.619147 4.2542673E-10
12.633684 4.2565851E-10
12.648237 4.2588849E-10
12.662807 4.2611666E-10
12.677394 4.2634302E-10
12.691998 4.2656758E-10
12.706619 4.2679034E-10
12.721256 4.2701129E-10
12.73591 4.2723043E-10
12.750582 4.2744776E-10
12.76527 4.2766329E-10
12.779975 4.2787701E-10
12.794697 4.2808892E-10
12.809436 4.2829902E-10
12.824192 4.2850732E-10
12.838964 4.287138E-10
12.853754 4.2891848E-10
12.868561 4.2912135E-10
12.883385 4.2932241E-10
12.898226 4.2952167E-10
12.913085 4.2971911E-10
12.92796 4.2991475E-10
12.942852 4.3010858E-10
12.957762 4.303006E-10
12.972689 4.3049081E-10
12.987633 4.3067922E-10
13.002594 4.3086581E-10
13.017572 4.3105061E-10
13.032568 4.3123359E-10
13.047581 4.3141477E-10
13.062611 4.3159414E-10
13.077659 4.317717E-10
13.092723 4.3194746E-10
13.107806 4.3212142E-10
13.122905 4.3229357E-10
13.138022 4.3246392E-10
13.153157 4.3263246E-10
13.168309 4.327992E-10
13.183478 4.3296414E-10
13.198665 4.3312727E-10
13.213869 4.3328861E-10
13.229091 4.3344814E-10
13.24433 4.3360587E-10
13.259587 4.3376181E-10
13.274861 4.3391595E-10
13.290153 4.3406829E-10
13.305463 4.3421883E-10
13.32079 4.3436758E-10
13.336135 4.3451453E-10
13.351498 4.3465969E-10
13.366878 4.3480305E-10
13.382276 4.3494463E-10
13.397692 4.3508441E-10
13.413126 4.352224E-10
13.428577 4.353586E-10
13.444046 4.3549302E-10
13.459533 4.3562565E-10
13.475038 4.3575649E-10
13.490561 4.3588555E-10
13.506101 4.3601282E-10
13.52166 4.3613831E-10
13.537236 4.3626203E-10
13.55283 4.3638396E-10
13.568442 4.3650411E-10
13.584073 4.3662249E-10
13.599721 4.3673909E-10
13.615387 4.3685392E-10
13.631071 4.3696698E-10
13.646774 4.3707826E-10
13.662494 4.3718778E-10
13.678233 4.3729553E-10
13.69399 4.3740151E-10
13.709765 4.3750572E-10
13.725558 4.3760818E-10
13.741369 4.3770887E-10
13.757198 4.378078E-10
13.773046 4.3790498E-10
13.788912 4.3800039E-10
13.804796 4.3809406E-10
13.820699 4.3818597E-10
13.836619 4.3827613E-10
13.852559 4.3836454E-10
13.868516 4.384512E-10
13.884492 4.3853612E-10
13.900486 4.3861929E-10
13.916499 4.3870072E-10
13.93253 4.3878042E-10
13.94858 4.3885838E-10
13.964648 4.389346E-10
13.980735 4.3900909E-10
13.99684 4.3908184E-10
14.012964 4.3915287E-10
14.029106 4.3922217E-10
14.045267 4.3928975E-10
14.061446 4.3935561E-10
14.077645 4.3941974E-10
14.093861 4.3948216E-10
14.110097 4.3954286E-10
14.126351 4.3960185E-10
14.142624 4.3965913E-10
14.158916 4.3971471E-10
14.175226 4.3976857E-10
14.191555 4.3982074E-10
14.207903 4.398712E-10
14.22427 4.3991996E-10
14.240656 4.3996703E-10
14.257061 4.4001241E-10
14.273484 4.400561E-10
14.289927 4.400981E-10
14.306388 4.4013841E-10
14.322868 4.4017704E-10
14.339368 4.4021399E-10
14.355886 4.4024927E-10
14.372423 4.4028287E-10
14.38898 4.403148E-10
14.405555 4.4034507E-10
14.42215 4.4037367E-10
14.438763 4.404006E-10
14.455396 4.4042588E-10
14.472048 4.404495E-10
14.488719 4.4047147E-10
14.50541 4.4049178E-10
14.522119 4.4051045E-10
14.538848 4.4052748E-10
14.555596 4.4054286E-10
14.572363 4.4055661E-10
14.58915 4.4056872E-10
14.605956 4.405792E-10
14.622782 4.4058806E-10
14.639626 4.4059528E-10
14.656491 4.4060089E-10
14.673374 4.4060488E-10
14.690277 4.4060725E-10
14.7072 4.4060801E-10
14.724142 4.4060717E-10
14.741104 4.4060472E-10
14.758085 4.4060066E-10
14.775085 4.4059501E-10
14.792106 4.4058777E-10
14.809145 4.4057893E-10
14.826205 4.4056851E-10
14.843284 4.4055651E-10
14.860383 4.4054292E-10
14.877501 4.4052776E-10
14.894639 4.4051103E-10
14.911797 4.4049273E-10
14.928975 4.4047286E-10
14.946173 4.4045144E-10
14.96339 4.4042845E-10
14.980627 4.4040391E-10
14.997884 4.4037783E-10
15.015161 4.4035019E-10
15.032458 4.4032102E-10
15.049775 4.4029031E-10
15.067111 4.4025806E-10
15.084468 4.4022428E-10
15.101845 4.4018898E-10
15.119241 4.4015216E-10
15.136658 4.4011382E-10
15.154095 4.4007396E-10
15.171552 4.400326E-10
15.189028 4.3998973E-10
15.206526 4.3994536E-10
15.224043 4.398995E-10
15.24158 4.3985214E-10
15.259138 4.3980329E-10
15.276716 4.3975297E-10
15.294314 4.3970116E-10
15.311932 4.3964787E-10
15.329571 4.3959312E-10
15.34723 4.395369E-10
15.364909 4.3947922E-10
15.382609 4.3942008E-10
15.400329 4.3935948E-10
15.418069 4.3929744E-10
15.43583 4.3923396E-10
15.453612 4.3916904E-10
15.471414 4.3910268E-10
15.489236 4.390349E-10
15.507079 4.3896569E-10
15.524942 4.3889505E-10
15.542826 4.3882301E-10
15.560731 4.3874955E-10
15.578656 4.3867469E-10
15.596602 4.3859842E-10
15.614569 4.3852076E-10
15.632556 4.3844171E-10
15.650564 4.3836127E-10
15.668593 4.3827945E-10
15.686642 4.3819626E-10
15.704713 4.3811169E-10
15.722804 4.3802575E-10
15.740916 4.3793846E-10
15.759049 4.378498E-10
15.777202 4.377598E-10
15.795377 4.3766845E-10
15.813573 4.3757576E-10
15.831789 4.3748173E-10
15.850027 4.3738637E-10
15.868285 4.3728969E-10
15.886565 4.3719169E-10
15.904865 4.3709237E-10
15.923187 4.3699174E-10
15.94153 4.3688981E-10
15.959894 4.3678658E-10
15.978279 4.3668205E-10
15.996685 4.3657624E-10
16.015113 4.3646914E-10
16.033561 4.3636077E-10
16.052031 4.3625113E-10
16.070522 4.3614022E-10
16.089035 4.3602804E-10
16.107569 4.3591462E-10
16.126124 4.3579994E-10
16.144701 4.3568402E-10
16.163299 4.3556686E-10
16.181918 4.3544847E-10
16.200559 4.3532886E-10
16.219221 4.3520802E-10
16.237905 4.3508596E-10
16.25661 4.349627E-10
16.275337 4.3483823E-10
16.294086 4.3471257E-10
16.312856 4.3458571E-10
16.331647 4.3445767E-10
16.350461 4.3432845E-10
16.369296 4.3419805E-10
16.388152 4.3406648E-10
16.407031 4.3393375E-10
16.425931 4.3379987E-10
16.444853 4.3366483E-10
16.463797 4.3352865E-10
16.482762 4.3339134E-10
16.50175 4.3325289E-10
16.520759 4.3311331E-10
16.53979 4.3297262E-10
16.558843 4.3283081E-10
16.577918 4.3268789E-10
16.597015 4.3254388E-10
16.616134 4.3239876E-10
16.635275 4.3225256E-10
16.654439 4.3210528E-10
16.673624 4.3195692E-10
16.692831 4.318075E-10
16.71206 4.31657E-10
16.731312 4.3150546E-10
16.750586 4.3135286E-10
16.769882 4.3119922E-10
16.7892 4.3104454E-10
16.80854 4.3088883E-10
16.827903 4.307321E-10
16.847288 4.3057434E-10
16.866695 4.3041558E-10
16.886125 4.3025581E-10
16.905577 4.3009505E-10
16.925051 4.2993329E-10
16.944548 4.2977055E-10
16.964068 4.2960683E-10
16.98361 4.2944214E-10
17.003174 4.2927649E-10
17.022761 4.2910988E-10
17.04237 4.2894231E-10
17.062002 4.2877381E-10
17.081657 4.2860436E-10
17.101334 4.2843399E-10
17.121034 4.2826269E-10
17.140757 4.2809048E-10
17.160502 4.2791736E-10
17.18027 4.2774333E-10
17.200061 4.2756841E-10
17.219875 4.273926E-10
17.239712 4.2721591E-10
17.259571 4.2703834E-10
17.279453 4.2685991E-10
17.299358 4.2668062E-10
17.319286 4.2650047E-10
17.339238 4.2631948E-10
17.359212 4.2613765E-10
17.379209 4.2595499E-10
17.399229 4.257715E-10
17.419272 4.255872E-10
17.439338 4.2540208E-10
17.459427 4.2521616E-10
17.47954 4.2502945E-10
17.499676 4.2484195E-10
17.519834 4.2465367E-10
17.540016 4.2446462E-10
17.560222 4.242748E-10
17.58045 4.2408422E-10
17.600702 4.2389289E-10
17.620977 4.2370082E-10
17.641276 4.2350801E-10
17.661598 4.2331447E-10
17.681943 4.2312021E-10
17.702312 4.2292524E-10
17.722704 4.2272956E-10
17.74312 4.2253318E-10
17.76356 4.2233611E-10
17.784022 4.2213836E-10
17.804509 4.2193994E-10
17.825019 4.2174084E-10
17.845552 4.2154109E-10
17.86611 4.2134068E-10
17.886691 4.2113963E-10
17.907295 4.2093794E-10
17.927924 4.2073562E-10
17.948576 4.2053268E-10
17.969252 4.2032913E-10
17.989952 4.2012497E-10
18.010675 4.1992021E-10
18.031423 4.1971486E-10
18.052194 4.1950893E-10
18.072989 4.1930243E-10
18.093809 4.1909536E-10
18.114652 4.1888773E-10
18.135519 4.1867955E-10
18.156411 4.1847082E-10
18.177326 4.1826157E-10
18.198265 4.1805178E-10
18.219229 4.1784148E-10
18.240217 4.1763067E-10
18.261229 4.1741935E-10
18.282265 4.1720754E-10
18.303325 4.1699525E-10
18.32441 4.1678248E-10
18.345519 4.1656923E-10
18.366652 4.1635553E-10
18.387809 4.1614137E-10
18.408991 4.1592676E-10
18.430198 4.1571172E-10
18.451429 4.1549625E-10
18.472684 4.1528036E-10
18.493963 4.1506406E-10
18.515268 4.1484735E-10
18.536596 4.1463025E-10
18.55795 4.1441276E-10
18.579328 4.1419489E-10
18.60073 4.1397665E-10
18.622158 4.1375804E-10
18.643609 4.1353909E-10
18.665086 4.1331979E-10
18.686587 4.1310015E-10
18.708113 4.1288018E-10
18.729664 4.1265989E-10
18.75124 4.1243929E-10
18.772841 4.1221838E-10
18.794466 4.1199719E-10
18.816117 4.117757E-10
18.837792 4.1155394E-10
18.859492 4.1133191E-10
18.881218 4.1110961E-10
18.902968 4.1088707E-10
18.924743 4.1066428E-10
18.946544 4.1044126E-10
18.968369 4.1021801E-10
18.99022 4.0999454E-10
19.012096 4.0977087E-10
19.033997 4.0954699E-10
19.055923 4.0932292E-10
19.077875 4.0909867E-10
19.099852 4.0887425E-10
19.121854 4.0864966E-10
19.143881 4.0842491E-10
19.165934 4.0820001E-10
19.188013 4.0797498E-10
19.210116 4.0774981E-10
19.232246 4.0752453E-10
19.2544 4.0729913E-10
19.27658 4.0707362E-10
19.298786 4.0684802E-10
19.321018 4.0662234E-10
19.343275 4.0639657E-10
19.365557 4.0617074E-10
19.387865 4.0594485E-10
19.410199 4.0571891E-10
19.432559 4.0549292E-10
19.454944 4.0526691E-10
19.477356 4.0504086E-10
19.499793 4.0481481E-10
19.522256 4.0458874E-10
19.544744 4.0436268E-10
19.567259 4.0413663E-10
19.5898 4.039106E-10
19.612366 4.036846E-10
19.634959 4.0345864E-10
19.657577 4.0323273E-10
19.680222 4.0300687E-10
19.702893 4.0278108E-10
19.72559 4.0255536E-10
19.748313 4.0232973E-10
19.771062 4.0210419E-10
19.793837 4.0187875E-10
19.816639 4.0165343E-10
19.839467 4.0142822E-10
19.862321 4.0120314E-10
19.885201 4.009782E-10
19.908108 4.0075341E-10
19.931042 4.0052877E-10
19.954001 4.003043E-10
19.976987 4.0008E-10
20 3.9985589E-10
20.023039 3.9963197E-10
20.046105 3.9940825E-10
20.069197 3.9918474E-10
20.092316 3.9896146E-10
20.115461 3.987384E-10
20.138633 3.9851558E-10
20.161832 3.9829301E-10
20.185058 3.980707E-10
20.20831 3.9784865E-10
20.231589 3.9762688E-10
20.254895 3.974054E-10
20.278228 3.971842E-10
20.301587 3.9696331E-10
20.324974 3.9674274E-10
20.348387 3.9652248E-10
20.371828 3.9630256E-10
20.395295 3.9608297E-10
20.41879 3.9586374E-10
20.442311 3.9564487E-10
20.46586 3.9542636E-10
20.489436 3.9520823E-10
20.513039 3.9499048E-10
20.536669 3.9477313E-10
20.560326 3.9455619E-10
20.584011 3.9433966E-10
20.607722 3.9412356E-10
20.631462 3.9390788E-10
20.655228 3.9369265E-10
20.679022 3.9347788E-10
20.702843 3.9326356E-10
20.726692 3.9304971E-10
20.750568 3.9283634E-10
20.774472 3.9262346E-10
20.798403 3.9241108E-10
20.822362 3.921992E-10
20.846349 3.9198784E-10
20.870363 3.9177701E-10
20.894404 3.9156671E-10
20.918474 3.9135696E-10
20.942571 3.9114776E-10
20.966696 3.9093913E-10
20.990849 3.9073106E-10
21.015029 3.9052358E-10
21.039237 3.9031669E-10
21.063474 3.901104E-10
21.087738 3.8990472E-10
21.11203 3.8969965E-10
21.13635 3.8949522E-10
21.160698 3.8929142E-10
21.185075 3.8908827E-10
21.209479 3.8888578E-10
21.233911 3.8868395E-10
21.258372 3.8848279E-10
21.28286 3.8828232E-10
21.307377 3.8808254E-10
21.331922 3.8788347E-10
21.356496 3.8768511E-10
21.381098 3.8748747E-10
21.405728 3.8729055E-10
21.430386 3.8709438E-10
21.455073 3.8689896E-10
21.479788 3.8670429E-10
21.504532 3.865104E-10
21.529304 3.8631727E-10
21.554105 3.8612494E-10
21.578934 3.859334E-10
21.603792 3.8574266E-10
21.628679 3.8555274E-10
21.653594 3.8536364E-10
21.678538 3.8517537E-10
21.703511 3.8498795E-10
21.728512 3.8480137E-10
21.753543 3.8461566E-10
21.778602 3.8443081E-10
21.80369 3.8424684E-10
21.828807 3.8406376E-10
21.853953 3.8388157E-10
21.879127 3.8370029E-10
21.904331 3.8351993E-10
21.929564 3.8334048E-10
21.954826 3.8316197E-10
21.980117 3.8298441E-10
22.005437 3.8280779E-10
22.030786 3.8263214E-10
22.056165 3.8245745E-10
22.081572 3.8228375E-10
22.107009 3.8211103E-10
22.132476 3.819393E-10
22.157971 3.8176859E-10
22.183496 3.8159888E-10
22.209051 3.8143021E-10
22.234635 3.8126256E-10
22.260248 3.8109596E-10
22.285891 3.8093041E-10
22.311563 3.8076591E-10
22.337265 3.8060249E-10
22.362996 3.8044014E-10
22.388758 3.8027889E-10
22.414549 3.8011872E-10
22.440369 3.7995966E-10
22.466219 3.7980172E-10
22.492099 3.796449E-10
22.518009 3.7948921E-10
22.543949 3.7933466E-10
22.569919 3.7918126E-10
22.595918 3.7902901E-10
22.621948 3.7887794E-10
22.648007 3.7872804E-10
22.674097 3.7857932E-10
22.700216 3.784318E-10
22.726366 3.7828548E-10
22.752546 3.7814037E-10
22.778756 3.7799648E-10
22.804996 3.7785382E-10
22.831266 3.777124E-10
22.857567 3.7757222E-10
22.883898 3.774333E-10
22.910259 3.7729564E-10
22.93665 3.7715925E-10
22.963072 3.7702415E-10
22.989525 3.7689033E-10
23.016008 3.7675781E-10
23.042521 3.7662659E-10
23.069065 3.7649669E-10
23.09564 3.7636812E-10
23.122245 3.7624088E-10
23.148881 3.7611497E-10
23.175547 3.7599042E-10
23.202244 3.7586722E-10
23.228972 3.7574539E-10
23.255731 3.7562493E-10
23.282521 3.7550586E-10
23.309341 3.7538818E-10
23.336192 3.7527189E-10
23.363075 3.7515702E-10
23.389988 3.7504356E-10
23.416932 3.7493152E-10
23.443907 3.7482092E-10
23.470914 3.7471176E-10
23.497951 3.7460405E-10
23.52502 3.744978E-10
23.552119 3.7439301E-10
23.57925 3.7428969E-10
23.606413 3.7418786E-10
23.633606 3.7408752E-10
23.660831 3.7398867E-10
23.688087 3.7389133E-10
23.715375 3.7379551E-10
23.742694 3.7370121E-10
23.770045 3.7360844E-10
23.797427 3.7351721E-10
23.82484 3.7342752E-10
23.852285 3.7333939E-10
23.879762 3.7325282E-10
23.907271 3.7316782E-10
23.934811 3.730844E-10
23.962382 3.7300256E-10
23.989986 3.7292232E-10
24.017621 3.7284368E-10
24.045289 3.7276665E-10
24.072988 3.7269123E-10
24.100719 3.7261744E-10
24.128482 3.7254528E-10
24.156277 3.7247476E-10
24.184104 3.7240589E-10
24.211963 3.7233867E-10
24.239854 3.7227312E-10
24.267777 3.7220924E-10
24.295732 3.7214703E-10
24.32372 3.7208651E-10
24.35174 3.7202768E-10
24.379792 3.7197055E-10
24.407876 3.7191513E-10
24.435993 3.7186142E-10
24.464142 3.7180944E-10
24.492324 3.7175918E-10
24.520538 3.7171066E-10
24.548785 3.7166389E-10
24.577064 3.7161886E-10
24.605375 3.7157559E-10
24.63372 3.7153409E-10
24.662097 3.7149436E-10
24.690506 3.7145641E-10
24.718949 3.7142025E-10
24.747424 3.7138588E-10
24.775932 3.7135331E-10
24.804473 3.7132255E-10
24.833046 3.712936E-10
24.861653 3.7126647E-10
24.890292 3.7124117E-10
24.918965 3.7121771E-10
24.94767 3.7119608E-10
24.976409 3.7117631E-10
25.005181 3.7115839E-10
25.033985 3.7114233E-10
25.062823 3.7112814E-10
25.091695 3.7111582E-10
25.120599 3.7110539E-10
25.149537 3.7109684E-10
25.178508 3.7109019E-10
25.207513 3.7108544E-10
25.236551 3.710826E-10
25.265622 3.7108167E-10
25.294727 3.7108266E-10
25.323865 3.7108557E-10
25.353037 3.7109042E-10
25.382243 3.7109721E-10
25.411482 3.7110594E-10
25.440755 3.7111662E-10
25.470062 3.7112926E-10
25.499402 3.7114387E-10
25.528776 3.7116044E-10
25.558184 3.7117899E-10
25.587626 3.7119952E-10
25.617102 3.7122203E-10
25.646612 3.7124654E-10
25.676155 3.7127305E-10
25.705733 3.7130156E-10
25.735345 3.7133209E-10
25.764991 3.7136463E-10
25.794671 3.7139919E-10
25.824385 3.7143578E-10
25.854134 3.714744E-10
25.883917 3.7151506E-10
25.913734 3.7155777E-10
25.943585 3.7160252E-10
25.973471 3.7164933E-10
26.003392 3.716982E-10
26.033346 3.7174914E-10
26.063336 3.7180215E-10
26.093359 3.7185723E-10
26.123418 3.719144E-10
26.153511 3.7197365E-10
26.183638 3.72035E-10
26.213801 3.7209844E-10
26.243998 3.7216398E-10
26.27423 3.7223163E-10
26.304497 3.723014E-10
26.334798 3.7237328E-10
26.365135 3.7244728E-10
26.395506 3.7252341E-10
26.425913 3.7260167E-10
26.456354 3.7268206E-10
26.486831 3.727646E-10
26.517342 3.7284928E-10
26.547889 3.7293612E-10
26.578471 3.730251E-10
26.609088 3.7311625E-10
26.639741 3.7320956E-10
26.670429 3.7330504E-10
26.701152 3.7340269E-10
26.73191 3.7350252E-10
26.762704 3.7360453E-10
26.793534 3.7370873E-10
26.824399 3.7381511E-10
26.855299 3.7392369E-10
26.886235 3.7403447E-10
26.917207 3.7414745E-10
26.948215 3.7426263E-10
26.979258 3.7438002E-10
27.010337 3.7449963E-10
27.041451 3.7462146E-10
27.072602 3.7474551E-10
27.103788 3.7487178E-10
27.135011 3.7500028E-10
27.166269 3.7513101E-10
27.197563 3.7526398E-10
27.228894 3.7539919E-10
27.26026 3.7553665E-10
27.291663 3.7567635E-10
27.323102 3.758183E-10
27.354577 3.759625E-10
27.386088 3.7610896E-10
27.417635 3.7625768E-10
27.449219 3.7640867E-10
27.48084 3.7656192E-10
27.512496 3.7671744E-10
27.544189 3.7687523E-10
27.575919 3.770353E-10
27.607685 3.7719765E-10
27.639488 3.7736228E-10
27.671328 3.7752919E-10
27.703204 3.776984E-10
27.735117 3.7786989E-10
27.767066 3.7804367E-10
27.799053 3.7821975E-10
27.831076 3.7839813E-10
27.863136 3.7857881E-10
27.895233 3.7876179E-10
27.927367 3.7894708E-10
27.959538 3.7913468E-10
27.991746 3.7932458E-10
28.023992 3.795168E-10
28.056274 3.7971134E-10
28.088594 3.7990819E-10
28.12095 3.8010736E-10
28.153345 3.8030885E-10
28.185776 3.8051267E-10
28.218245 3.8071881E-10
28.250751 3.8092728E-10
28.283295 3.8113808E-10
28.315876 3.8135121E-10
28.348494 3.8156667E-10
28.38115 3.8178447E-10
28.413844 3.820046E-10
28.446576 3.8222707E-10
28.479345 3.8245188E-10
28.512152 3.8267903E-10
28.544997 3.8290853E-10
28.577879 3.8314036E-10
28.6108 3.8337455E-10
28.643758 3.8361108E-10
28.676754 3.8384995E-10
28.709789 3.8409118E-10
28.742861 3.8433475E-10
28.775972 3.8458068E-10
28.80912 3.8482896E-10
28.842307 3.8507959E-10
28.875532 3.8533258E-10
28.908795 3.8558792E-10
28.942097 3.8584561E-10
28.975437 3.8610567E-10
29.008815 3.8636807E-10
29.042232 3.8663284E-10
29.075688 3.8689997E-10
29.109182 3.8716945E-10
29.142714 3.8744129E-10
29.176285 3.877155E-10
29.209895 3.8799206E-10
29.243543 3.8827098E-10
29.277231 3.8855227E-10
29.310957 3.8883591E-10
29.344722 3.8912191E-10
29.378526 3.8941028E-10
29.412368 3.8970101E-10
29.44625 3.8999409E-10
29.480171 3.9028954E-10
29.514131 3.9058735E-10
29.54813 3.9088752E-10
29.582168 3.9119005E-10
29.616245 3.9149494E-10
29.650362 3.9180219E-10
29.684518 3.921118E-10
29.718713 3.9242376E-10
29.752947 3.9273809E-10
29.787222 3.9305477E-10
29.821535 3.9337381E-10
29.855888 3.936952E-10
29.890281 3.9401895E-10
29.924713 3.9434506E-10
29.959185 3.9467352E-10
29.993697 3.9500433E-10
30.028248 3.9533749E-10
30.062839 3.95673E-10
30.09747 3.9601087E-10
30.132141 3.9635108E-10
30.166852 3.9669364E-10
30.201603 3.9703854E-10
30.236394 3.9738579E-10
30.271225 3.9773538E-10
30.306096 3.9808731E-10
30.341007 3.9844158E-10
30.375959 3.987982E-10
30.410951 3.9915715E-10
30.445983 3.9951843E-10
30.481055 3.9988205E-10
30.516168 4.00248E-10
30.551321 4.0061628E-10
30.586515 4.0098688E-10
30.621749 4.0135982E-10
30.657024 4.0173507E-10
30.69234 4.0211265E-10
30.727696 4.0249255E-10
30.763093 4.0287477E-10
30.798531 4.032593E-10
30.834009 4.0364615E-10
30.869528 4.0403531E-10
30.905089 4.0442677E-10
30.94069 4.0482054E-10
30.976332 4.0521662E-10
31.012016 4.0561499E-10
31.04774 4.0601566E-10
31.083506 4.0641863E-10
31.119313 4.0682389E-10
31.155161 4.0723145E-10
31.19105 4.0764128E-10
31.226981 4.0805341E-10
31.262953 4.0846781E-10
31.298966 4.0888449E-10
31.335021 4.0930345E-10
31.371118 4.0972468E-10
31.407256 4.1014817E-10
31.443436 4.1057394E-10
31.479657 4.1100196E-10
31.51592 4.1143225E-10
31.552225 4.1186479E-10
31.588572 4.1229958E-10
31.624961 4.1273662E-10
31.661391 4.131759E-10
31.697864 4.1361742E-10
31.734378 4.1406119E-10
31.770935 4.1450718E-10
31.807534 4.1495541E-10
31.844175 4.1540586E-10
31.880858 4.1585854E-10
31.917583 4.1631343E-10
31.954351 4.1677053E-10
31.991161 4.1722985E-10
32.028013 4.1769137E-10
32.064908 4.1815509E-10
32.101845 4.1862102E-10
32.138825 4.1908913E-10
32.175848 4.1955943E-10
32.212913 4.2003192E-10
32.250021 4.2050658E-10
32.287171 4.2098343E-10
32.324365 4.2146244E-10
32.361601 4.2194362E-10
32.39888 4.2242695E-10
32.436202 4.2291245E-10
32.473567 4.234001E-10
32.510975 4.2388989E-10
32.548426 4.2438183E-10
32.585921 4.248759E-10
32.623458 4.2537211E-10
32.661039 4.2587044E-10
32.698663 4.263709E-10
32.73633 4.2687347E-10
32.774041 4.2737815E-10
32.811795 4.2788494E-10
32.849593 4.2839383E-10
32.887434 4.2890482E-10
32.925319 4.2941789E-10
32.963248 4.2993305E-10
33.00122 4.3045029E-10
33.039236 4.309696E-10
33.077296 4.3149098E-10
33.115399 4.3201442E-10
33.153547 4.3253992E-10
33.191738 4.3306747E-10
33.229974 4.3359706E-10
33.268253 4.341287E-10
33.306577 4.3466236E-10
33.344944 4.3519805E-10
33.383356 4.3573576E-10
33.421812 4.3627549E-10
33.460313 4.3681723E-10
33.498858 4.3736096E-10
33.537447 4.379067E-10
33.57608 4.3845442E-10
33.614759 4.3900412E-10
33.653481 4.3955581E-10
33.692249 4.4010946E-10
33.731061 4.4066508E-10
33.769917 4.4122265E-10
33.808819 4.4178218E-10
33.847765 4.4234365E-10
33.886756 4.4290705E-10
33.925792 4.4347239E-10
33.964873 4.4403965E-10
34.003999 4.4460883E-10
34.04317 4.4517991E-10
34.082386 4.457529E-10
34.121648 4.4632779E-10
34.160954 4.4690456E-10
34.200306 4.4748322E-10
34.239704 4.4806375E-10
34.279146 4.4864615E-10
34.318634 4.4923041E-10
34.358168 4.4981652E-10
34.397747 4.5040448E-10
34.437371 4.5099427E-10
34.477042 4.515859E-10
34.516758 4.5217935E-10
34.55652 4.5277462E-10
34.596327 4.5337169E-10
34.636181 4.5397056E-10
34.67608 4.5457123E-10
34.716025 4.5517368E-10
34.756017 4.5577791E-10
34.796054 4.5638391E-10
34.836137 4.5699167E-10
34.876267 4.5760119E-10
34.916443 4.5821245E-10
34.956665 4.5882544E-10
34.996934 4.5944017E-10
35.037249 4.6005662E-10
35.07761 4.6067479E-10
35.118018 4.6129466E-10
35.158472 4.6191622E-10
35.198973 4.6253948E-10
35.239521 4.6316441E-10
35.280115 4.6379102E-10
35.320756 4.644193E-10
35.361444 4.6504923E-10
35.402179 4.656808E-10
35.442961 4.6631402E-10
35.48379 4.6694886E-10
35.524665 4.6758533E-10
35.565588 4.6822341E-10
35.606558 4.6886309E-10
35.647575 4.6950437E-10
35.68864 4.7014724E-10
35.729751 4.7079168E-10
35.770911 4.7143769E-10
35.812117 4.7208527E-10
35.853371 4.7273439E-10
35.894673 4.7338506E-10
35.936022 4.7403726E-10
35.977418 4.7469099E-10
36.018863 4.7534623E-10
36.060355 4.7600298E-10
36.101895 4.7666122E-10
36.143483 4.7732095E-10
36.185118 4.7798216E-10
36.226802 4.7864484E-10
36.268534 4.7930898E-10
36.310313 4.7997458E-10
36.352141 4.8064161E-10
36.394017 4.8131007E-10
36.435941 4.8197996E-10
36.477914 4.8265126E-10
36.519935 4.8332397E-10
36.562004 4.8399806E-10
36.604122 4.8467355E-10
36.646288 4.853504E-10
36.688503 4.8602863E-10
36.730767 4.867082E-10
36.773079 4.8738913E-10
36.81544 4.8807139E-10
36.85785 4.8875497E-10
36.900308 4.8943988E-10
36.942816 4.9012608E-10
36.985372 4.9081359E-10
37.027978 4.9150238E-10
37.070632 4.9219245E-10
37.113336 4.9288378E-10
37.156089 4.9357637E-10
37.198891 4.9427021E-10
37.241743 4.9496529E-10
37.284644 4.9566159E-10
37.327594 4.963591E-10
37.370594 4.9705783E-10
37.413643 4.9775774E-10
37.456742 4.9845885E-10
37.49989 4.9916112E-10
37.543088 4.9986457E-10
37.586336 5.0056917E-10
37.629634 5.0127491E-10
37.672982 5.0198178E-10
37.716379 5.0268978E-10
37.759827 5.0339889E-10
37.803325 5.0410911E-10
37.846872 5.0482041E-10
37.89047 5.055328E-10
37.934118 5.0624626E-10
37.977817 5.0696077E-10
38.021566 5.0767634E-10
38.065365 5.0839295E-10
38.109214 5.0911058E-10
38.153114 5.0982923E-10
38.197065 5.1054889E-10
38.241066 5.1126954E-10
38.285119 5.1199118E-10
38.329221 5.1271379E-10
38.373375 5.1343736E-10
38.417579 5.1416189E-10
38.461835 5.1488736E-10
38.506141 5.1561376E-10
38.550498 5.1634108E-10
38.594907 5.1706931E-10
38.639366 5.1779844E-10
38.683877 5.1852845E-10
38.728439 5.1925934E-10
38.773053 5.1999109E-10
38.817718 5.207237E-10
38.862434 5.2145715E-10
38.907202 5.2219143E-10
38.952021 5.2292653E-10
38.996892 5.2366244E-10
39.041815 5.2439914E-10
39.086789 5.2513664E-10
39.131815 5.2587491E-10
39.176893 5.2661394E-10
39.222024 5.2735373E-10
39.267206 5.2809425E-10
39.31244 5.2883551E-10
39.357726 5.2957749E-10
39.403064 5.3032017E-10
39.448455 5.3106355E-10
39.493898 5.3180762E-10
39.539393 5.3255236E-10
39.58494 5.3329776E-10
39.630541 5.3404381E-10
39.676193 5.347905E-10
39.721898 5.3553782E-10
39.767656 5.3628575E-10
39.813467 5.3703429E-10
39.85933 5.3778342E-10
39.905246 5.3853313E-10
39.951215 5.3928342E-10
39.997237 5.4003426E-10
40.043312 5.4078564E-10
40.089441 5.4153757E-10
40.135622 5.4229001E-10
40.181856 5.4304297E-10
40.228144 5.4379643E-10
40.274485 5.4455038E-10
40.320879 5.453048E-10
40.367327 5.4605969E-10
40.413829 5.4681504E-10
40.460384 5.4757082E-10
40.506992 5.4832704E-10
40.553654 5.4908367E-10
40.60037 5.4984071E-10
40.64714 5.5059815E-10
40.693964 5.5135597E-10
40.740842 5.5211416E-10
40.787773 5.5287271E-10
40.834759 5.5363161E-10
40.881799 5.5439084E-10
40.928893 5.551504E-10
40.976041 5.5591027E-10
41.023244 5.5667044E-10
41.070501 5.574309E-10
41.117812 5.5819164E-10
41.165178 5.5895264E-10
41.212598 5.5971389E-10
41.260073 5.6047539E-10
41.307603 5.6123711E-10
41.355188 5.6199906E-10
41.402827 5.627612E-10
41.450521 5.6352355E-10
41.49827 5.6428607E-10
41.546075 5.6504876E-10
41.593934 5.6581162E-10
41.641848 5.6657462E-10
41.689818 5.6733775E-10
41.737842 5.68101E-10
41.785923 5.6886437E-10
41.834058 5.6962783E-10
41.882249 5.7039138E-10
41.930496 5.71155E-10
41.978798 5.7191869E-10
42.027155 5.7268243E-10
42.075569 5.734462E-10
42.124038 5.7421E-10
42.172563 5.7497382E-10
42.221144 5.7573764E-10
42.269781 5.7650145E-10
42.318474 5.7726524E-10
42.367223 5.78029E-10
42.416028 5.7879271E-10
42.464889 5.7955636E-10
42.513807 5.8031995E-10
42.562781 5.8108345E-10
42.611811 5.8184686E-10
42.660898 5.8261017E-10
42.710042 5.8337335E-10
42.759242 5.8413641E-10
42.808499 5.8489933E-10
42.857812 5.856621E-10
42.907182 5.864247E-10
42.956609 5.8718713E-10
43.006094 5.8794936E-10
43.055635 5.887114E-10
43.105233 5.8947322E-10
43.154888 5.9023482E-10
43.204601 5.9099618E-10
43.25437 5.917573E-10
43.304198 5.9251815E-10
43.354082 5.9327873E-10
43.404024 5.9403903E-10
43.454024 5.9479903E-10
43.504081 5.9555872E-10
43.554195 5.9631809E-10
43.604368 5.9707714E-10
43.654598 5.9783583E-10
43.704886 5.9859418E-10
43.755232 5.9935215E-10
43.805637 6.0010975E-10
43.856099 6.0086695E-10
43.906619 6.0162375E-10
43.957197 6.0238014E-10
44.007834 6.031361E-10
44.058529 6.0389162E-10
44.109283 6.046467E-10
44.160095 6.054013E-10
44.210965 6.0615544E-10
44.261894 6.0690909E-10
44.312882 6.0766224E-10
44.363928 6.0841489E-10
44.415034 6.0916701E-10
44.466198 6.099186E-10
44.517421 6.1066964E-10
44.568703 6.1142013E-10
44.620044 6.1217005E-10
44.671444 6.1291939E-10
44.722904 6.1366814E-10
44.774423 6.1441629E-10
44.826001 6.1516382E-10
44.877638 6.1591073E-10
44.929336 6.16657E-10
44.981092 6.1740261E-10
45.032908 6.1814757E-10
45.084784 6.1889185E-10
45.13672 6.1963545E-10
45.188715 6.2037836E-10
45.240771 6.2112055E-10
45.292886 6.2186203E-10
45.345062 6.2260278E-10
45.397297 6.2334278E-10
45.449593 6.2408203E-10
45.501949 6.2482052E-10
45.554365 6.2555823E-10
45.606841 6.2629515E-10
45.659378 6.2703127E-10
45.711976 6.2776658E-10
45.764634 6.2850107E-10
45.817353 6.2923472E-10
45.870133 6.2996753E-10
45.922973 6.3069949E-10
45.975874 6.3143057E-10
46.028836 6.3216078E-10
46.08186 6.328901E-10
46.134944 6.3361851E-10
46.188089 6.3434601E-10
46.241296 6.3507259E-10
46.294564 6.3579823E-10
46.347893 6.3652293E-10
46.401284 6.3724667E-10
46.454736 6.3796943E-10
46.50825 6.3869122E-10
46.561825 6.3941202E-10
46.615462 6.4013182E-10
46.669161 6.408506E-10
46.722922 6.4156836E-10
46.776745 6.4228508E-10
46.83063 6.4300076E-10
46.884576 6.4371538E-10
46.938585 6.4442893E-10
46.992656 6.451414E-10
47.04679 6.4585278E-10
47.100986 6.4656306E-10
47.155244 6.4727223E-10
47.209565 6.4798028E-10
47.263948 6.4868719E-10
47.318394 6.4939296E-10
47.372903 6.5009757E-10
47.427474 6.5080102E-10
47.482108 6.5150329E-10
47.536806 6.5220437E-10
47.591566 6.5290425E-10
47.646389 6.5360293E-10
47.701276 6.5430039E-10
47.756226 6.5499661E-10
47.811239 6.556916E-10
47.866315 6.5638533E-10
47.921455 6.5707781E-10
47.976658 6.5776901E-10
48.031925 6.5845892E-10
48.087256 6.5914755E-10
48.14265 6.5983487E-10
48.198109 6.6052088E-10
48.253631 6.6120556E-10
48.309217 6.6188891E-10
48.364867 6.6257091E-10
48.420581 6.6325156E-10
48.476359 6.6393084E-10
48.532202 6.6460875E-10
48.588109 6.6528527E-10
48.64408 6.659604E-10
48.700116 6.6663411E-10
48.756216 6.6730642E-10
48.812381 6.6797729E-10
48.868611 6.6864673E-10
48.924906 6.6931472E-10
48.981265 6.6998126E-10
49.037689 6.7064633E-10
49.094178 6.7130992E-10
49.150733 6.7197203E-10
49.207352 6.7263264E-10
49.264037 6.7329174E-10
49.320787 6.7394933E-10
49.377602 6.7460539E-10
49.434483 6.7525992E-10
49.491429 6.759129E-10
49.548441 6.7656433E-10
49.605519 6.7721419E-10
49.662662 6.7786248E-10
49.719871 6.7850919E-10
49.777146 6.791543E-10
49.834487 6.7979781E-10
49.891895 6.804397E-10
49.949368 6.8107998E-10
50.006907 6.8171862E-10
50.064513 6.8235562E-10
50.122185 6.8299098E-10
50.179924 6.8362467E-10
50.237729 6.842567E-10
50.2956 6.8488704E-10
50.353539 6.855157E-10
50.411544 6.8614266E-10
50.469615 6.8676792E-10
50.527754 6.8739147E-10
50.58596 6.8801329E-10
50.644233 6.8863337E-10
50.702573 6.8925172E-10
50.76098 6.8986831E-10
50.819454 6.9048314E-10
50.877996 6.9109621E-10
50.936605 6.917075E-10
50.995282 6.92317E-10
51.054026 6.9292471E-10
51.112838 6.9353061E-10
51.171718 6.941347E-10
51.230665 6.9473697E-10
51.289681 6.953374E-10
51.348764 6.95936E-10
51.407916 6.9653275E-10
51.467135 6.9712765E-10
51.526423 6.9772068E-10
51.585779 6.9831184E-10
51.645204 6.9890112E-10
51.704697 6.994885E-10
51.764258 7.0007399E-10
51.823888 7.0065757E-10
51.883587 7.0123924E-10
51.943355 7.0181899E-10
52.003191 7.023968E-10
52.063097 7.0297267E-10
52.123071 7.035466E-10
52.183114 7.0411857E-10
52.243227 7.0468858E-10
52.303409 7.0525661E-10
52.36366 7.0582267E-10
52.423981 7.0638673E-10
52.484371 7.069488E-10
52.544831 7.0750887E-10
52.60536 7.0806693E-10
52.665959 7.0862296E-10
52.726628 7.0917697E-10
52.787366 7.0972895E-10
52.848175 7.1027888E-10
52.909054 7.1082676E-10
52.970003 7.1137259E-10
53.031022 7.1191635E-10
53.092111 7.1245803E-10
53.153271 7.1299764E-10
53.214501 7.1353516E-10
53.275802 7.1407058E-10
53.337173 7.146039E-10
53.398615 7.1513511E-10
53.460128 7.1566421E-10
53.521712 7.1619118E-10
53.583366 7.1671601E-10
53.645092 7.1723871E-10
53.706889 7.1775927E-10
53.768757 7.1827767E-10
53.830696 7.1879391E-10
53.892707 7.1930798E-10
53.954789 7.1981988E-10
54.016942 7.203296E-10
54.079167 7.2083713E-10
54.141464 7.2134247E-10
54.203833 7.218456E-10
54.266273 7.2234653E-10
54.328785 7.2284524E-10
54.39137 7.2334173E-10
54.454026 7.2383599E-10
54.516755 7.2432802E-10
54.579556 7.2481781E-10
54.642429 7.2530535E-10
54.705375 7.2579063E-10
54.768393 7.2627365E-10
54.831483 7.2675441E-10
54.894647 7.2723289E-10
54.957883 7.277091E-10
55.021192 7.2818302E-10
55.084574 7.2865464E-10
55.148029 7.2912397E-10
55.211557 7.2959099E-10
55.275158 7.300557E-10
55.338833 7.305181E-10
55.402581 7.3097817E-10
55.466402 7.3143592E-10
55.530297 7.3189133E-10
55.594265 7.323444E-10
55.658307 7.3279512E-10
55.722423 7.332435E-10
55.786613 7.3368951E-10
55.850877 7.3413316E-10
55.915215 7.3457444E-10
55.979626 7.3501335E-10
56.044112 7.3544988E-10
56.108673 7.3588402E-10
56.173307 7.3631577E-10
56.238017 7.3674513E-10
56.3028 7.3717208E-10
56.367659 7.3759662E-10
56.432592 7.3801876E-10
56.497599 7.3843847E-10
56.562682 7.3885576E-10
56.62784 7.3927063E-10
56.693073 7.3968306E-10
56.758381 7.4009305E-10
56.823764 7.4050059E-10
56.889222 7.4090569E-10
56.954756 7.4130834E-10
57.020365 7.4170853E-10
57.08605 7.4210625E-10
57.151811 7.4250151E-10
57.217647 7.4289429E-10
57.283559 7.4328459E-10
57.349548 7.4367242E-10
57.415612 7.4405775E-10
57.481752 7.444406E-10
57.547968 7.4482094E-10
57.614261 7.4519879E-10
57.68063 7.4557413E-10
57.747076 7.4594697E-10
57.813598 7.4631728E-10
57.880196 7.4668508E-10
57.946872 7.4705036E-10
58.013624 7.4741311E-10
58.080453 7.4777333E-10
58.147359 7.4813102E-10
58.214342 7.4848616E-10
58.281403 7.4883876E-10
58.34854 7.4918881E-10
58.415755 7.4953632E-10
58.483048 7.4988126E-10
58.550417 7.5022365E-10
58.617865 7.5056347E-10
58.68539 7.5090073E-10
58.752993 7.5123542E-10
58.820674 7.5156753E-10
58.888433 7.5189706E-10
58.95627 7.5222401E-10
59.024185 7.5254838E-10
59.092178 7.5287015E-10
59.160249 7.5318934E-10
59.228399 7.5350593E-10
59.296628 7.5381991E-10
59.364935 7.541313E-10
59.433321 7.5444008E-10
59.501785 7.5474625E-10
59.570329 7.550498E-10
59.638951 7.5535075E-10
59.707652 7.5564907E-10
59.776433 7.5594477E-10
59.845293 7.5623784E-10
59.914232 7.5652829E-10
59.98325 7.568161E-10
60.052348 7.5710128E-10
60.121526 7.5738382E-10
60.190783 7.5766373E-10
60.26012 7.5794099E-10
60.329537 7.582156E-10
60.399034 7.5848757E-10
60.468611 7.5875688E-10
60.538269 7.5902354E-10
60.608006 7.5928755E-10
60.677824 7.5954889E-10
60.747722 7.5980758E-10
60.817701 7.600636E-10
60.88776 7.6031696E-10
60.9579 7.6056764E-10
61.028121 7.6081566E-10
61.098422 7.61061E-10
61.168805 7.6130367E-10
61.239269 7.6154365E-10
61.309814 7.6178096E-10
61.38044 7.6201559E-10
61.451147 7.6224753E-10
61.521936 7.6247679E-10
61.592807 7.6270336E-10
61.663759 7.6292724E-10
61.734793 7.6314842E-10
61.805909 7.6336692E-10
61.877106 7.6358271E-10
61.948386 7.6379581E-10
62.019748 7.6400621E-10
62.091192 7.6421391E-10
62.162718 7.6441891E-10
62.234327 7.6462121E-10
62.306018 7.6482079E-10
62.377792 7.6501767E-10
62.449648 7.6521185E-10
62.521587 7.6540331E-10
62.593609 7.6559206E-10
62.665714 7.6577809E-10
62.737903 7.6596142E-10
62.810174 7.6614203E-10
62.882528 7.6631992E-10
62.954966 7.6649509E-10
63.027488 7.6666754E-10
63.100092 7.6683728E-10
63.172781 7.6700429E-10
63.245553 7.6716858E-10
63.318409 7.6733015E-10
63.391349 7.6748899E-10
63.464373 7.6764511E-10
63.537481 7.677985E-10
63.610674 7.6794917E-10
63.68395 7.680971E-10
63.757312 7.6824231E-10
63.830757 7.683848E-10
63.904287 7.6852455E-10
63.977902 7.6866157E-10
64.051602 7.6879586E-10
64.125386 7.6892742E-10
64.199256 7.6905625E-10
64.273211 7.6918234E-10
64.347251 7.693057E-10
64.421376 7.6942633E-10
64.495586 7.6954423E-10
64.569882 7.6965939E-10
64.644264 7.6977182E-10
64.718731 7.6988152E-10
64.793284 7.6998848E-10
64.867923 7.7009271E-10
64.942648 7.701942E-10
65.017459 7.7029296E-10
65.092357 7.7038898E-10
65.16734 7.7048227E-10
65.24241 7.7057282E-10
65.317566 7.7066064E-10
65.392809 7.7074573E-10
65.468139 7.7082808E-10
65.543555 7.709077E-10
65.619059 7.7098459E-10
65.694649 7.7105874E-10
65.770326 7.7113016E-10
65.846091 7.7119885E-10
65.921942 7.712648E-10
65.997882 7.7132803E-10
66.073908 7.7138852E-10
66.150022 7.7144628E-10
66.226224 7.7150131E-10
66.302514 7.7155362E-10
66.378892 7.7160319E-10
66.455357 7.7165004E-10
66.531911 7.7169416E-10
66.608552 7.7173555E-10
66.685283 7.7177422E-10
66.762101 7.7181017E-10
66.839008 7.7184339E-10
66.916004 7.7187388E-10
66.993088 7.7190166E-10
67.070261 7.7192671E-10
67.147523 7.7194905E-10
67.224874 7.7196866E-10
67.302314 7.7198556E-10
67.379843 7.7199974E-10
67.457462 7.720112E-10
67.53517 7.7201996E-10
67.612967 7.7202599E-10
67.690854 7.7202932E-10
67.768831 7.7202994E-10
67.846898 7.7202784E-10
67.925055 7.7202304E-10
68.003301 7.7201554E-10
68.081638 7.7200533E-10
68.160065 7.7199241E-10
68.238582 7.7197679E-10
68.31719 7.7195848E-10
68.395889 7.7193746E-10
68.474678 7.7191375E-10
68.553557 7.7188735E-10
68.632528 7.7185825E-10
68.71159 7.7182645E-10
68.790742 7.7179197E-10
68.869986 7.717548E-10
68.949321 7.7171495E-10
69.028748 7.7167241E-10
69.108266 7.7162719E-10
69.187876 7.7157928E-10
69.267577 7.715287E-10
69.34737 7.7147545E-10
69.427255 7.7141951E-10
69.507232 7.7136091E-10
69.587302 7.7129964E-10
69.667463 7.7123569E-10
69.747717 7.7116909E-10
69.828063 7.7109981E-10
69.908502 7.7102788E-10
69.989033 7.7095329E-10
70.069658 7.7087604E-10
70.150375 7.7079614E-10
70.231185 7.7071359E-10
70.312088 7.7062838E-10
70.393085 7.7054053E-10
70.474174 7.7045004E-10
70.555357 7.703569E-10
70.636634 7.7026112E-10
70.718004 7.7016271E-10
70.799468 7.7006166E-10
70.881026 7.6995798E-10
70.962678 7.6985168E-10
71.044424 7.6974274E-10
71.126264 7.6963119E-10
71.208198 7.6951701E-10
71.290227 7.6940021E-10
71.37235 7.692808E-10
71.454568 7.6915878E-10
71.53688 7.6903415E-10
71.619287 7.6890691E-10
71.70179 7.6877707E-10
71.784387 7.6864463E-10
71.867079 7.6850959E-10
71.949867 7.6837196E-10
72.03275 7.6823173E-10
72.115729 7.6808892E-10
72.198803 7.6794352E-10
72.281973 7.6779555E-10
72.365238 7.6764499E-10
72.4486 7.6749186E-10
72.532057 7.6733615E-10
72.615611 7.6717788E-10
72.699261 7.6701704E-10
72.783007 7.6685364E-10
72.86685 7.6668768E-10
72.950789 7.6651917E-10
73.034825 7.663481E-10
73.118958 7.6617449E-10
73.203188 7.6599833E-10
73.287515 7.6581963E-10
73.371939 7.6563839E-10
73.45646 7.6545462E-10
73.541079 7.6526832E-10
73.625795 7.6507949E-10
73.710608 7.6488814E-10
73.79552 7.6469426E-10
73.880529 7.6449788E-10
73.965636 7.6429898E-10
74.050841 7.6409757E-10
74.136144 7.6389365E-10
74.221546 7.6368724E-10
74.307046 7.6347833E-10
74.392644 7.6326692E-10
74.478341 7.6305303E-10
74.564137 7.6283665E-10
74.650032 7.6261779E-10
74.736025 7.6239646E-10
74.822118 7.6217265E-10
74.908309 7.6194637E-10
74.9946 7.6171762E-10
75.080991 7.6148642E-10
75.167481 7.6125275E-10
75.25407 7.6101664E-10
75.34076 7.6077807E-10
75.427549 7.6053706E-10
75.514438 7.6029361E-10
75.601427 7.6004773E-10
75.688517 7.5979941E-10
75.775707 7.5954867E-10
75.862997 7.592955E-10
75.950388 7.5903991E-10
76.037879 7.5878191E-10
76.125472 7.585215E-10
76.213165 7.5825868E-10
76.300959 7.5799346E-10
76.388854 7.5772585E-10
76.476851 7.5745584E-10
76.564949 7.5718344E-10
76.653148 7.5690866E-10
76.741449 7.566315E-10
76.829852 7.5635197E-10
76.918356 7.5607006E-10
77.006963 7.557858E-10
77.095672 7.5549917E-10
77.184482 7.5521018E-10
77.273395 7.5491884E-10
77.362411 7.5462516E-10
77.451529 7.5432914E-10
77.54075 7.5403077E-10
77.630073 7.5373008E-10
77.7195 7.5342706E-10
77.809029 7.5312171E-10
77.898662 7.5281405E-10
77.988397 7.5250407E-10
78.078237 7.5219179E-10
78.168179 7.518772E-10
78.258225 7.5156031E-10
78.348375 7.5124113E-10
78.438629 7.5091966E-10
78.528987 7.5059591E-10
78.619449 7.5026988E-10
78.710015 7.4994157E-10
78.800686 7.49611E-10
78.89146 7.4927816E-10
78.98234 7.4894306E-10
79.073324 7.4860571E-10
79.164413 7.4826612E-10
79.255607 7.4792427E-10
79.346906 7.4758019E-10
79.43831 7.4723388E-10
79.529819 7.4688534E-10
79.621434 7.4653457E-10
79.713154 7.4618159E-10
79.80498 7.458264E-10
79.896912 7.45469E-10
79.98895 7.4510939E-10
80.081094 7.4474759E-10
80.173344 7.443836E-10
80.2657 7.4401743E-10
80.358162 7.4364907E-10
80.450731 7.4327854E-10
80.543407 7.4290583E-10
80.636189 7.4253097E-10
80.729079 7.4215394E-10
80.822075 7.4177476E-10
80.915178 7.4139343E-10
81.008389 7.4100996E-10
81.101707 7.4062435E-10
81.195133 7.4023661E-10
81.288666 7.3984674E-10
81.382307 7.3945476E-10
81.476056 7.3906065E-10
81.569912 7.3866444E-10
81.663877 7.3826612E-10
81.75795 7.3786571E-10
81.852132 7.374632E-10
81.946422 7.370586E-10
82.040821 7.3665192E-10
82.135328 7.3624317E-10
82.229944 7.3583234E-10
82.324669 7.3541945E-10
82.419504 7.350045E-10
82.514447 7.345875E-10
82.6095 7.3416844E-10
82.704663 7.3374735E-10
82.799935 7.3332422E-10
82.895317 7.3289906E-10
82.990809 7.3247187E-10
83.08641 7.3204266E-10
83.182122 7.3161144E-10
83.277944 7.3117822E-10
83.373877 7.3074299E-10
83.46992 7.3030576E-10
83.566073 7.2986655E-10
83.662338 7.2942535E-10
83.758713 7.2898217E-10
83.855199 7.2853702E-10
83.951797 7.280899E-10
84.048506 7.2764082E-10
84.145326 7.2718979E-10
84.242257 7.2673681E-10
84.339301 7.2628188E-10
84.436456 7.2582502E-10
84.533723 7.2536622E-10
84.631102 7.249055E-10
84.728593 7.2444286E-10
84.826197 7.2397831E-10
84.923913 7.2351185E-10
85.021741 7.2304349E-10
85.119683 7.2257323E-10
85.217737 7.2210109E-10
85.315904 7.2162706E-10
85.414184 7.2115115E-10
85.512577 7.2067337E-10
85.611084 7.2019373E-10
85.709704 7.1971223E-10
85.808438 7.1922887E-10
85.907285 7.1874367E-10
86.006247 7.1825662E-10
86.105322 7.1776775E-10
86.204512 7.1727704E-10
86.303815 7.1678451E-10
86.403234 7.1629017E-10
86.502766 7.1579401E-10
86.602414 7.1529605E-10
86.702176 7.147963E-10
86.802053 7.1429475E-10
86.902045 7.1379141E-10
87.002152 7.132863E-10
87.102375 7.1277941E-10
87.202713 7.1227076E-10
87.303166 7.1176035E-10
87.403736 7.1124818E-10
87.504421 7.1073426E-10
87.605222 7.102186E-10
87.70614 7.0970121E-10
87.807173 7.0918208E-10
87.908323 7.0866124E-10
88.00959 7.0813867E-10
88.110973 7.076144E-10
88.212473 7.0708842E-10
88.314089 7.0656074E-10
88.415823 7.0603137E-10
88.517674 7.0550031E-10
88.619643 7.0496758E-10
88.721729 7.0443317E-10
88.823932 7.038971E-10
88.926253 7.0335936E-10
89.028693 7.0281997E-10
89.13125 7.0227894E-10
89.233925 7.0173626E-10
89.336718 7.0119195E-10
89.43963 7.0064601E-10
89.542661 7.0009844E-10
89.64581 6.9954926E-10
89.749078 6.9899847E-10
89.852465 6.9844608E-10
89.955971 6.9789209E-10
90.059596 6.9733651E-10
90.163341 6.9677935E-10
90.267205 6.962206E-10
90.371189 6.9566029E-10
90.475292 6.9509841E-10
90.579516 6.9453498E-10
90.68386 6.9396999E-10
90.788323 6.9340345E-10
90.892907 6.9283538E-10
90.997612 6.9226577E-10
91.102437 6.9169464E-10
91.207383 6.9112198E-10
91.31245 6.9054782E-10
91.417638 6.8997214E-10
91.522947 6.8939497E-10
91.628377 6.888163E-10
91.733929 6.8823614E-10
91.839603 6.876545E-10
91.945398 6.8707139E-10
92.051315 6.864868E-10
92.157354 6.8590076E-10
92.263515 6.8531325E-10
92.369798 6.847243E-10
92.476204 6.8413391E-10
92.582733 6.8354208E-10
92.689384 6.8294882E-10
92.796158 6.8235414E-10
92.903055 6.8175803E-10
93.010075 6.8116052E-10
93.117219 6.8056161E-10
93.224486 6.7996129E-10
93.331876 6.7935959E-10
93.43939 6.787565E-10
93.547028 6.7815203E-10
93.65479 6.7754619E-10
93.762676 6.7693898E-10
93.870687 6.7633042E-10
93.978822 6.757205E-10
94.087081 6.7510924E-10
94.195465 6.7449664E-10
94.303974 6.738827E-10
94.412608 6.7326744E-10
94.521367 6.7265086E-10
94.630252 6.7203296E-10
94.739262 6.7141375E-10
94.848397 6.7079325E-10
94.957658 6.7017145E-10
95.067045 6.6954836E-10
95.176558 6.6892399E-10
95.286197 6.6829835E-10
95.395963 6.6767144E-10
95.505855 6.6704326E-10
95.615873 6.6641383E-10
95.726018 6.6578315E-10
95.836291 6.6515123E-10
95.94669 6.6451807E-10
96.057216 6.6388369E-10
96.16787 6.6324808E-10
96.278651 6.6261125E-10
96.38956 6.6197321E-10
96.500596 6.6133397E-10
96.61176 6.6069353E-10
96.723053 6.6005189E-10
96.834474 6.5940908E-10
96.946023 6.5876508E-10
97.0577 6.5811992E-10
97.169506 6.5747358E-10
97.281441 6.5682609E-10
97.393505 6.5617745E-10
97.505698 6.5552766E-10
97.61802 6.5487673E-10
97.730472 6.5422467E-10
97.843053 6.5357148E-10
97.955764 6.5291717E-10
98.068605 6.5226175E-10
98.181575 6.5160521E-10
98.294676 6.5094758E-10
98.407907 6.5028885E-10
98.521269 6.4962904E-10
98.634761 6.4896814E-10
98.748384 6.4830616E-10
98.862137 6.4764312E-10
98.976022 6.4697901E-10
99.090038 6.4631385E-10
99.204185 6.4564764E-10
99.318464 6.4498038E-10
99.432875 6.4431209E-10
99.547417 6.4364276E-10
99.662091 6.4297241E-10
99.776897 6.4230104E-10
99.891836 6.4162866E-10
100.00691 6.4095528E-10
100.12211 6.4028089E-10
100.23745 6.3960551E-10
100.35292 6.3892915E-10
100.46852 6.382518E-10
100.58425 6.3757348E-10
100.70012 6.368942E-10
100.81612 6.3621395E-10
100.93226 6.3553275E-10
101.04853 6.3485059E-10
101.16493 6.341675E-10
101.28147 6.3348347E-10
101.39814 6.3279851E-10
101.51495 6.3211262E-10
101.63189 6.3142582E-10
101.74896 6.307381E-10
101.86617 6.3004949E-10
101.98352 6.2935997E-10
102.101 6.2866956E-10
102.21862 6.2797827E-10
102.33637 6.2728609E-10
102.45425 6.2659304E-10
102.57228 6.2589913E-10
102.69044 6.2520435E-10
102.80873 6.2450871E-10
102.92716 6.2381223E-10
103.04573 6.2311491E-10
103.16443 6.2241675E-10
103.28327 6.2171776E-10
103.40225 6.2101794E-10
103.52137 6.2031731E-10
103.64062 6.1961587E-10
103.76001 6.1891362E-10
103.87953 6.1821057E-10
103.9992 6.1750673E-10
104.119 6.168021E-10
104.23894 6.1609668E-10
104.35902 6.153905E-10
104.47924 6.1468354E-10
104.59959 6.1397583E-10
104.72009 6.1326735E-10
104.84072 6.1255813E-10
104.96149 6.1184816E-10
105.0824 6.1113745E-10
105.20345 6.1042602E-10
105.32464 6.0971385E-10
105.44597 6.0900096E-10
105.56744 6.0828737E-10
105.68905 6.0757306E-10
105.8108 6.0685805E-10
105.93269 6.0614234E-10
106.05472 6.0542595E-10
106.17689 6.0470887E-10
106.2992 6.0399111E-10
106.42165 6.0327268E-10
106.54424 6.0255358E-10
106.66698 6.0183383E-10
106.78985 6.0111342E-10
106.91287 6.0039236E-10
107.03603 5.9967066E-10
107.15933 5.9894832E-10
107.28277 5.9822536E-10
107.40636 5.9750176E-10
107.53009 5.9677755E-10
107.65396 5.9605273E-10
107.77797 5.953273E-10
107.90212 5.9460127E-10
108.02642 5.9387465E-10
108.15086 5.9314743E-10
108.27545 5.9241963E-10
108.40018 5.9169126E-10
108.52505 5.9096231E-10
108.65007 5.902328E-10
108.77523 5.8950273E-10
108.90053 5.887721E-10
109.02598 5.8804093E-10
109.15157 5.8730921E-10
109.27731 5.8657696E-10
109.40319 5.8584417E-10
109.52922 5.8511086E-10
109.65539 5.8437703E-10
109.78171 5.8364269E-10
109.90817 5.8290783E-10
110.03478 5.8217248E-10
110.16154 5.8143663E-10
110.28844 5.8070029E-10
110.41549 5.7996346E-10
110.54268 5.7922615E-10
110.67002 5.7848837E-10
110.79751 5.7775013E-10
110.92514 5.7701142E-10
111.05292 5.7627225E-10
111.18085 5.7553263E-10
111.30893 5.7479256E-10
111.43715 5.7405206E-10
111.56552 5.7331112E-10
111.69404 5.7256975E-10
111.82271 5.7182796E-10
111.95152 5.7108575E-10
112.08048 5.7034313E-10
112.2096 5.696001E-10
112.33886 5.6885667E-10
112.46827 5.6811284E-10
112.59782 5.6736863E-10
112.72753 5.6662403E-10
112.85739 5.6587905E-10
112.98739 5.651337E-10
113.11755 5.6438798E-10
113.24786 5.6364189E-10
113.37831 5.6289545E-10
113.50892 5.6214866E-10
113.63968 5.6140152E-10
113.77059 5.6065404E-10
113.90164 5.5990622E-10
114.03285 5.5915808E-10
114.16422 5.584096E-10
114.29573 5.5766081E-10
114.42739 5.5691171E-10
114.55921 5.561623E-10
114.69117 5.5541258E-10
114.82329 5.5466256E-10
114.95556 5.5391226E-10
115.08799 5.5316166E-10
115.22056 5.5241078E-10
115.35329 5.5165963E-10
115.48617 5.509082E-10
115.61921 5.5015651E-10
115.7524 5.4940455E-10
115.88574 5.4865234E-10
116.01923 5.4789988E-10
116.15288 5.4714717E-10
116.28669 5.4639423E-10
116.42064 5.4564104E-10
116.55475 5.4488763E-10
116.68902 5.4413399E-10
116.82344 5.4338014E-10
116.95802 5.4262606E-10
117.09275 5.4187178E-10
117.22763 5.411173E-10
117.36267 5.4036261E-10
117.49787 5.3960773E-10
117.63322 5.3885266E-10
117.76873 5.3809741E-10
117.9044 5.3734198E-10
118.04022 5.3658637E-10
118.17619 5.358306E-10
118.31233 5.3507466E-10
118.44862 5.3431856E-10
118.58506 5.3356231E-10
118.72167 5.328059E-10
118.85843 5.3204936E-10
118.99535 5.3129267E-10
119.13243 5.3053585E-10
119.26966 5.297789E-10
119.40706 5.2902183E-10
119.54461 5.2826464E-10
119.68232 5.2750733E-10
119.82019 5.2674991E-10
119.95822 5.2599239E-10
120.0964 5.2523477E-10
120.23475 5.2447705E-10
120.37325 5.2371924E-10
120.51192 5.2296135E-10
120.65074 5.2220337E-10
120.78973 5.2144532E-10
120.92887 5.206872E-10
121.06817 5.1992901E-10
121.20764 5.1917076E-10
121.34727 5.1841245E-10
121.48705 5.1765409E-10
121.627 5.1689569E-10
121.76711 5.1613724E-10
121.90738 5.1537875E-10
122.04781 5.1462022E-10
122.1884 5.1386167E-10
122.32916 5.131031E-10
122.47008 5.123445E-10
122.61116 5.1158589E-10
122.7524 5.1082727E-10
122.89381 5.1006864E-10
123.03537 5.0931001E-10
123.17711 5.0855139E-10
123.319 5.0779277E-10
123.46106 5.0703416E-10
123.60328 5.0627557E-10
123.74567 5.0551701E-10
123.88822 5.0475846E-10
124.03093 5.0399995E-10
124.17381 5.0324148E-10
124.31685 5.0248304E-10
124.46006 5.0172464E-10
124.60343 5.009663E-10
124.74697 5.0020801E-10
124.89067 4.9944977E-10
125.03454 4.9869159E-10
125.17857 4.9793348E-10
125.32277 4.9717544E-10
125.46714 4.9641748E-10
125.61167 4.9565959E-10
125.75637 4.9490179E-10
125.90124 4.9414407E-10
126.04627 4.9338645E-10
126.19147 4.9262892E-10
126.33684 4.9187149E-10
126.48237 4.9111416E-10
126.62807 4.9035695E-10
126.77394 4.8959984E-10
126.91998 4.8884286E-10
127.06619 4.8808599E-10
127.21256 4.8732925E-10
127.3591 4.8657264E-10
127.50582 4.8581617E-10
127.6527 4.8505983E-10
127.79975 4.8430363E-10
127.94697 4.8354758E-10
128.09436 4.8279168E-10
128.24192 4.8203594E-10
128.38964 4.8128035E-10
128.53754 4.8052493E-10
128.68561 4.7976967E-10
128.83385 4.7901458E-10
128.98226 4.7825967E-10
129.13085 4.7750493E-10
129.2796 4.7675038E-10
129.42852 4.7599602E-10
129.57762 4.7524184E-10
129.72689 4.7448786E-10
129.87633 4.7373408E-10
130.02594 4.7298051E-10
130.17572 4.7222713E-10
130.32568 4.7147397E-10
130.47581 4.7072102E-10
130.62611 4.6996829E-10
130.77659 4.6921578E-10
130.92723 4.684635E-10
131.07806 4.6771145E-10
131.22905 4.6695963E-10
131.38022 4.6620805E-10
131.53157 4.6545671E-10
131.68309 4.6470561E-10
131.83478 4.6395476E-10
131.98665 4.6320416E-10
132.13869 4.6245382E-10
132.29091 4.6170374E-10
132.4433 4.6095393E-10
132.59587 4.6020438E-10
132.74861 4.594551E-10
132.90153 4.587061E-10
133.05463 4.5795737E-10
133.2079 4.5720892E-10
133.36135 4.5646077E-10
133.51498 4.557129E-10
133.66878 4.5496532E-10
133.82276 4.5421804E-10
133.97692 4.5347106E-10
134.13126 4.5272438E-10
134.28577 4.5197801E-10
134.44046 4.5123195E-10
134.59533 4.504862E-10
134.75038 4.4974077E-10
134.90561 4.4899566E-10
135.06101 4.4825088E-10
135.2166 4.4750642E-10
135.37236 4.467623E-10
135.5283 4.4601851E-10
135.68442 4.4527506E-10
135.84073 4.4453195E-10
135.99721 4.4378918E-10
136.15387 4.4304677E-10
136.31071 4.423047E-10
136.46774 4.41563E-10
136.62494 4.4082165E-10
136.78233 4.4008066E-10
136.9399 4.3934003E-10
137.09765 4.3859978E-10
137.25558 4.3785989E-10
137.41369 4.3712039E-10
137.57198 4.3638126E-10
137.73046 4.3564251E-10
137.88912 4.3490415E-10
138.04796 4.3416617E-10
138.20699 4.3342859E-10
138.36619 4.326914E-10
138.52559 4.319546E-10
138.68516 4.3121821E-10
138.84492 4.3048223E-10
139.00486 4.2974665E-10
139.16499 4.2901148E-10
139.3253 4.2827672E-10
139.4858 4.2754238E-10
139.64648 4.2680846E-10
139.80735 4.2607496E-10
139.9684 4.2534189E-10
140.12964 4.2460924E-10
140.29106 4.2387703E-10
140.45267 4.2314526E-10
140.61446 4.2241392E-10
140.77645 4.2168302E-10
140.93861 4.2095256E-10
141.10097 4.2022256E-10
141.26351 4.19493E-10
141.42624 4.1876389E-10
141.58916 4.1803524E-10
141.75226 4.1730705E-10
141.91555 4.1657932E-10
142.07903 4.1585206E-10
142.2427 4.1512526E-10
142.40656 4.1439893E-10
142.57061 4.1367307E-10
142.73484 4.129477E-10
142.89927 4.1222279E-10
143.06388 4.1149837E-10
143.22868 4.1077444E-10
143.39368 4.1005099E-10
143.55886 4.0932803E-10
143.72423 4.0860557E-10
143.8898 4.078836E-10
144.05555 4.0716212E-10
144.2215 4.0644115E-10
144.38763 4.0572068E-10
144.55396 4.0500072E-10
144.72048 4.0428127E-10
144.88719 4.0356232E-10
145.0541 4.028439E-10
145.22119 4.0212598E-10
145.38848 4.0140859E-10
145.55596 4.0069172E-10
145.72363 3.9997538E-10
145.8915 3.9925956E-10
146.05956 3.9854427E-10
146.22782 3.9782951E-10
146.39626 3.9711529E-10
146.56491 3.9640161E-10
146.73374 3.9568847E-10
146.90277 3.9497587E-10
147.072 3.9426381E-10
147.24142 3.935523E-10
147.41104 3.9284134E-10
147.58085 3.9213094E-10
147.75085 3.9142109E-10
147.92106 3.9071179E-10
148.09145 3.9000306E-10
148.26205 3.8929489E-10
148.43284 3.8858728E-10
148.60383 3.8788024E-10
148.77501 3.8717377E-10
148.94639 3.8646787E-10
149.11797 3.8576254E-10
149.28975 3.850578E-10
149.46173 3.8435363E-10
149.6339 3.8365004E-10
149.80627 3.8294703E-10
149.97884 3.8224461E-10
150.15161 3.8154278E-10
150.32458 3.8084154E-10
150.49775 3.8014089E-10
150.67111 3.7944083E-10
150.84468 3.7874138E-10
151.01845 3.7804252E-10
151.19241 3.7734426E-10
151.36658 3.7664661E-10
151.54095 3.7594956E-10
151.71552 3.7525312E-10
151.89028 3.7455729E-10
152.06526 3.7386207E-10
152.24043 3.7316746E-10
152.4158 3.7247348E-10
152.59138 3.7178011E-10
152.76716 3.7108736E-10
152.94314 3.7039523E-10
153.11932 3.6970373E-10
153.29571 3.6901286E-10
153.4723 3.6832261E-10
153.64909 3.67633E-10
153.82609 3.6694402E-10
154.00329 3.6625567E-10
154.18069 3.6556796E-10
154.3583 3.6488089E-10
154.53612 3.6419446E-10
154.71414 3.6350867E-10
154.89236 3.6282353E-10
155.07079 3.6213903E-10
155.24942 3.6145518E-10
155.42826 3.6077199E-10
155.60731 3.6008944E-10
155.78656 3.5940755E-10
155.96602 3.5872632E-10
156.14569 3.5804574E-10
156.32556 3.5736583E-10
156.50564 3.5668657E-10
156.68593 3.5600798E-10
156.86642 3.5533006E-10
157.04713 3.546528E-10
157.22804 3.5397621E-10
157.40916 3.5330029E-10
157.59049 3.5262505E-10
157.77202 3.5195048E-10
157.95377 3.5127658E-10
158.13573 3.5060336E-10
158.31789 3.4993082E-10
158.50027 3.4925897E-10
158.68285 3.4858779E-10
158.86565 3.4791731E-10
159.04865 3.472475E-10
159.23187 3.4657839E-10
159.4153 3.4590996E-10
159.59894 3.4524223E-10
159.78279 3.4457519E-10
159.96685 3.4390884E-10
160.15113 3.4324319E-10
160.33561 3.4257824E-10
160.52031 3.4191399E-10
160.70522 3.4125044E-10
160.89035 3.4058759E-10
161.07569 3.3992544E-10
161.26124 3.39264E-10
161.44701 3.3860327E-10
161.63299 3.3794325E-10
161.81918 3.3728393E-10
162.00559 3.3662533E-10
162.19221 3.3596744E-10
162.37905 3.3531027E-10
162.5661 3.3465381E-10
162.75337 3.3399807E-10
162.94086 3.3334305E-10
163.12856 3.3268875E-10
163.31647 3.3203517E-10
163.50461 3.3138232E-10
163.69296 3.3073019E-10
163.88152 3.3007878E-10
164.07031 3.2942811E-10
164.25931 3.2877816E-10
164.44853 3.2812894E-10
164.63797 3.2748045E-10
164.82762 3.268327E-10
165.0175 3.2618568E-10
165.20759 3.255394E-10
165.3979 3.2489385E-10
165.58843 3.2424904E-10
165.77918 3.2360498E-10
165.97015 3.2296165E-10
166.16134 3.2231906E-10
166.35275 3.2167722E-10
166.54439 3.2103612E-10
166.73624 3.2039577E-10
166.92831 3.1975617E-10
167.1206 3.1911731E-10
167.31312 3.184792E-10
167.50586 3.1784185E-10
167.69882 3.1720524E-10
167.892 3.1656939E-10
168.0854 3.1593429E-10
168.27903 3.1529995E-10
168.47288 3.1466636E-10
168.66695 3.1403353E-10
168.86125 3.1340146E-10
169.05577 3.1277016E-10
169.25051 3.1213961E-10
169.44548 3.1150982E-10
169.64068 3.108808E-10
169.8361 3.1025254E-10
170.03174 3.0962504E-10
170.22761 3.0899831E-10
170.4237 3.0837235E-10
170.62002 3.0774716E-10
170.81657 3.0712274E-10
171.01334 3.0649909E-10
171.21034 3.0587621E-10
171.40757 3.052541E-10
171.60502 3.0463276E-10
171.8027 3.040122E-10
172.00061 3.0339242E-10
172.19875 3.0277341E-10
172.39712 3.0215518E-10
172.59571 3.0153772E-10
172.79453 3.0092105E-10
172.99358 3.0030515E-10
173.19286 2.9969004E-10
173.39238 2.9907571E-10
173.59212 2.9846216E-10
173.79209 2.978494E-10
173.99229 2.9723742E-10
174.19272 2.9662622E-10
174.39338 2.9601581E-10
174.59427 2.9540619E-10
174.7954 2.9479736E-10
174.99676 2.9418931E-10
175.19834 2.9358205E-10
175.40016 2.9297559E-10
175.60222 2.9236992E-10
175.8045 2.9176503E-10
176.00702 2.9116094E-10
176.20977 2.9055765E-10
176.41276 2.8995515E-10
176.61598 2.8935344E-10
176.81943 2.8875253E-10
177.02312 2.8815241E-10
177.22704 2.875531E-10
177.4312 2.8695458E-10
177.6356 2.8635686E-10
177.84022 2.8575994E-10
178.04509 2.8516381E-10
178.25019 2.8456849E-10
178.45552 2.8397397E-10
178.6611 2.8338026E-10
178.86691 2.8278734E-10
179.07295 2.8219523E-10
179.27924 2.8160392E-10
179.48576 2.8101342E-10
179.69252 2.8042372E-10
179.89952 2.7983483E-10
180.10675 2.7924675E-10
180.31423 2.7865947E-10
180.52194 2.78073E-10
180.72989 2.7748734E-10
180.93809 2.7690249E-10
181.14652 2.7631844E-10
181.35519 2.7573521E-10
181.56411 2.7515278E-10
181.77326 2.7457117E-10
181.98265 2.7399037E-10
182.19229 2.7341038E-10
182.40217 2.728312E-10
182.61229 2.7225284E-10
182.82265 2.7167529E-10
183.03325 2.7109855E-10
183.2441 2.7052263E-10
183.45519 2.6994753E-10
183.66652 2.6937324E-10
183.87809 2.6879976E-10
184.08991 2.682271E-10
184.30198 2.6765526E-10
184.51429 2.6708424E-10
184.72684 2.6651403E-10
184.93963 2.6594464E-10
185.15268 2.6537607E-10
185.36596 2.6480832E-10
185.5795 2.6424138E-10
185.79328 2.6367527E-10
186.0073 2.6310998E-10
186.22158 2.6254551E-10
186.43609 2.6198185E-10
186.65086 2.6141902E-10
186.86587 2.6085701E-10
187.08113 2.6029583E-10
187.29664 2.5973546E-10
187.5124 2.5917592E-10
187.72841 2.586172E-10
187.94466 2.580593E-10
188.16117 2.5750222E-10
188.37792 2.5694597E-10
188.59492 2.5639055E-10
188.81218 2.5583594E-10
189.02968 2.5528217E-10
189.24743 2.5472921E-10
189.46544 2.5417709E-10
189.68369 2.5362578E-10
189.9022 2.530753E-10
190.12096 2.5252565E-10
190.33997 2.5197683E-10
190.55923 2.5142883E-10
190.77875 2.5088165E-10
190.99852 2.5033531E-10
191.21854 2.4978978E-10
191.43881 2.4924509E-10
191.65934 2.4870122E-10
191.88013 2.4815819E-10
192.10116 2.4761597E-10
192.32246 2.4707459E-10
192.544 2.4653403E-10
192.7658 2.459943E-10
192.98786 2.454554E-10
193.21018 2.4491733E-10
193.43275 2.4438009E-10
193.65557 2.4384367E-10
193.87865 2.4330809E-10
194.10199 2.4277333E-10
194.32559 2.422394E-10
194.54944 2.417063E-10
194.77356 2.4117402E-10
194.99793 2.4064258E-10
195.22256 2.4011197E-10
195.44744 2.3958218E-10
195.67259 2.3905323E-10
195.898 2.385251E-10
196.12366 2.379978E-10
196.34959 2.3747134E-10
196.57577 2.369457E-10
196.80222 2.3642089E-10
197.02893 2.3589691E-10
197.2559 2.3537376E-10
197.48313 2.3485144E-10
197.71062 2.3432995E-10
197.93837 2.3380929E-10
198.16639 2.3328945E-10
198.39467 2.3277045E-10
198.62321 2.3225228E-10
198.85201 2.3173493E-10
199.08108 2.3121842E-10
199.31042 2.3070273E-10
199.54001 2.3018787E-10
199.76987 2.2967385E-10
200.00000 2.2916065E-10